0.8115807116861176
0.045507566689372746
0.26762220056483926
0.7525494708636123
0.8236041849321933
0.6842823798816261
1.326450972153081
1.2200836728169602
0.9384985701725795
0.09216764794330747
0.4194597622704949
0.3691010377420731
0.03756120105749649
0.6794424764970227
0.8463349020483802
0.2550047697399114
0.13809009927477472
0.38434609181178025
0.5715695889954977
0.5723646554640035
0.321043597295682
0.8474416211393296
0.6842865754891165
0.7387052376110615
0.8297284022375916
0.15983752016159225
0.3335648191219241
0.0018022110465806085
0.16905871900786892
0.08408747409024396
0.2053890247129194
0.023360445899143177
0.2285900674154719
0.4229030552283539
0.07327618626889763
0.3008905504521333
0.41630424262259436
0.9203722230433018
0.06852195263536781
1.5502990199389761
1.1851912259990356
0.11623285554053359
1.8767219060928149
0.5738594512822158
1.036243897832416
0.22145864710528929
0.17354797615088063
0.768006556332401
0.35823657261998265
0.3565030375466519
0.96990927169495
0.14797917827620002
0.6949290645887053
0.6014978639440365
0.24833009054415842
0.911853927538685
0.4391182770992621
0.022679741752800162
0.13831317259753206
0.4704261746663979
1.0137363024232289
1.5865646177950687
0.3869809123734109
0.5963990058434336
0.2097788293089834
0.19299193835827508
0.28501474700688983
0.5815727109376742
1.4550834802389705
0.2259154847741731
0.5596049662288051
0.5436853343742348
0.18228494773872048
0.22409603330090677
1.0042629465845203
0.39898207214854275
0.39680196072851165
0.9554860023139126
0.45386297580691753
0.7872039453739157
0.4783733852232311
0.30997447369824044
0.6421641402624436
