0.8497675090840907
0.12291885777831703
0.326002771110277
0.07471875242519745
1.1275291118208057
0.13437624729011258
1.0550206474429566
0.8385775574555905
0.7288739780577818
0.1882334082590103
0.3363882337254592
0.3187591285364598
0.10250582804073725
0.4428132230802801
1.0420893410453262
0.1991410924602564
0.42477133924489996
0.12519442658742005
0.821166695447853
0.32905587232612044
0.022167912924142486
0.8308763709697352
0.9358287391139472
0.6904352319394554
0.7053752138653728
0.06144055690387623
0.3448941823207358
0.05232210351742498
0.2678970339801427
0.04886792756269769
0.7599004119065179
0.10862559720993978
0.11645554432148132
0.11733075700421347
0.09058117377333458
0.867103984957364
0.2525958297006373
0.6276046791376153
0.36287913919054376
1.3251930398151384
1.6204337440597305
0.4803239421879416
1.4671249905592845
0.9617157608819794
1.2782684923408294
0.06815198895370281
0.8279022004429469
0.8020665626801585
0.42377600846545826
0.43003115917328144
1.130210752561834
0.24743939407394452
0.13325796433322812
0.7849724995900466
0.5369005839302465
0.7579118937075893
0.1369988817340817
0.2870554389357107
0.008762343713037727
0.1319832709967331
0.9226640487561382
1.43129104587679
1.2589126392506134
0.41509770656081485
0.30350175664494866
0.12275652287624364
0.21995361128281418
0.5229367050576752
1.7589026981808715
0.05261245711132151
0.413396796175013
0.023477938579774184
0.3862284962581463
0.6786449188339829
0.9692974611530841
0.25506125216468034
0.40465853783214484
0.5277882264347931
0.30843782639896977
0.89434252594105
0.011111824723253921
0.45796593972960314
0.4947168034237093
