0.8621589007101246
0.11672068424746253
0.5681456974117083
0.07705907617688319
0.7834423907748924
0.4703667552288202
2.0922278309819826
1.055661118583154
1.0011795407464126
0.0985861142471272
0.1196150168722442
1.136465807068378
0.7487304876901517
0.16602166034609145
1.139611775471483
0.5590582300259724
0.13247620113852937
0.3066039032234437
0.6759547568059849
0.5916269659958759
0.5603538173120646
0.9049210982097144
0.3328343451244633
1.0102166201851348
0.17149940934826596
0.565964764063419
0.6148747983105392
0.0024996114442660585
0.17071815075013377
0.05582155667452674
0.5334357888307828
0.1293196406236598
0.07498354185878278
0.11205504242642192
0.08935427089883656
0.7125547181642028
0.43575856830621706
0.03993439627004812
0.8285143726740539
1.6994231023050534
1.3882423279974332
0.3733068717138182
1.3298967237881458
0.8998590244827099
0.39613106640522905
0.0004994425176271171
0.16228350013041987
0.3327322788854358
0.08973062834521642
0.007270176939194065
0.6000507972246066
0.6593630899468027
0.13122326032715081
0.2611680488397513
0.51872710737316
1.4268866503726456
0.48309154978872554
0.4945567136222338
0.2565951532925883
0.15140645012247944
0.25495687780994375
1.7754108317270278
0.6228401345553234
0.2616035318752542
0.9357036417985407
0.0588809926956581
0.13098722236938737
0.6346184053946053
0.9837816232798464
0.028851409534850214
0.13394305294355618
0.5024872687419583
0.6455607403878806
0.3306727815225017
1.6752853431729717
0.6258133781092573
0.46841793808374277
0.5920917977085605
0.7970826398145293
0.3587440188464054
0.4407773261655862
0.5701031251192052
0.3224524129899824
