0.9572081042585925
0.3979125193354459
0.07688059527991979
0.12573705042340716
1.235084058009592
0.19851310805667685
1.7547484723149127
0.9433277578149567
0.8089339524476438
0.5586756357968387
0.06172610150701657
0.961104743692859
0.6516151221681672
0.15289807140782297
0.8399722261841822
0.3707851556494099
0.6671931438253003
0.24553288463142126
0.8551141965960509
0.1467817704558424
0.3203453086728846
0.6365332512689681
0.26588316709443655
0.6541019562232872
0.30988107189892483
0.16310334348624908
0.643882274729085
0.2366861840294566
0.03468622314567838
0.12168060300572786
0.6340261935359467
0.1635737508236803
0.21515010812489638
0.4358421266208892
0.4255543246295067
1.1713260260129876
0.27705476727619976
0.17899695742392993
0.841446563470115
1.5300979023886514
1.4926436454334364
0.1644808335044872
1.2003584386367836
1.0531546160765126
1.0298759001690436
0.21718347435389795
0.9821938412509365
0.08887499149695302
0.023639959291978853
0.35272480282395474
0.2019671978795159
0.9316882316456508
0.19147358918206414
0.4986586142613308
0.004464004781548684
1.3377520964283476
0.44305153512265066
0.5718441685548898
0.25868125731704955
0.3718676737556663
0.3410059845692855
1.6235507709554526
1.0855173548103538
0.30195812726672744
0.4911924523634993
0.19817617782535982
0.24105100035047294
0.7196810579037138
1.2658349851602606
0.32604523085777276
0.16326869812766623
0.14233200302582272
0.9173812188955474
0.8609344831610581
1.7755938250217478
0.6731733538594217
0.5747322487780497
0.4378569430581697
0.4096583823150252
0.504591237611013
0.0886881614510685
0.110747617141395
0.010228954902720208
