0.5703488372093024
0.744642857142857
0.7416666666666667
0.711111111111111
0.7444168734491314
0.7244047619047619
0.6458333333333334
0.6872093023255814
0.7337209302325581
0.7742690058479532
0.7296969696969697
0.6701509872241579
0.6537990196078431
0.6226744186046511
0.7327485380116959
0.6684088269454123
0.8073286052009456
0.7756410256410257
0.6558139534883721
0.6692126909518215
0.7503001200480192
0.6273255813953489
0.6511627906976745
0.7052325581395349
0.6360465116279068
0.6789473684210526
0.6182033096926715
0.6910569105691057
0.6333333333333333
0.6534883720930232
0.7395348837209302
0.6956521739130436
0.5963636363636364
0.6187134502923977
0.6210340775558166
0.647953216374269
0.6321339950372209
0.5926573426573427
0.5871080139372822
0.6854651162790698
0.6209677419354839
0.540650406504065
0.5939716312056738
0.6806526806526806
0.6156976744186047
0.7461988304093568
0.6660859465737515
0.7085781433607521
0.686411149825784
0.7476744186046511
0.5600233100233101
0.6744186046511628
0.7439024390243903
0.7546511627906975
0.7156976744186045
0.5455082742316785
0.7761457109283196
0.7888888888888889
0.5988095238095238
0.6833137485311398
0.7251461988304093
0.7229965156794425
0.6802325581395349
0.672737955346651
0.6409356725146198
0.7262044653349001
0.6222222222222222
0.6869918699186992
0.7423167848699763
0.6357808857808858
0.6360465116279069
0.7389534883720931
0.7184873949579832
0.6780258519388954
0.6226744186046512
0.6692126909518213
0.6761904761904762
0.6690058479532164
0.6968272620446534
0.6486013986013985
0.7049941927990709
0.6836363636363636
0.6637426900584795
0.6690476190476191
0.7109090909090909
0.6692677070828331
0.7839721254355401
0.6271777003484321
0.6046099290780143
0.6800699300699301
0.7622093023255815
0.6982456140350878
0.6512605042016807
0.6573751451800232
0.7435897435897436
0.6073200992555832
0.5807017543859649
0.5895348837209302
0.6206293706293706
0.6364692218350755
0.7115384615384615
0.6695906432748538
0.6946428571428571
0.5673758865248226
0.7029069767441861
0.6839285714285714
0.7157210401891253
0.7297297297297297
0.6204465334900118
0.7608187134502924
0.6098837209302326
0.7440898345153664
0.7598837209302326
0.7357723577235772
0.6126596980255516
0.6765389082462253
0.6317966903073287
0.7032520325203253
0.7365967365967366
0.7040697674418605
0.7162790697674419
0.6773255813953489
0.7733100233100232
0.7202797202797203
0.716903073286052
0.63572267920094
0.664642375168691
0.6398809523809524
0.6554373522458629
0.5836363636363636
0.7824561403508772
0.6
0.6368421052631579
0.6232142857142858
0.7212543554006969
0.8087209302325582
0.6957575757575757
0.677906976744186
0.6568742655699178
0.6333333333333333
0.5390818858560794
0.736842105263158
0.7316784869976359
0.6122209165687428
0.7003484320557491
0.6720238095238095
0.6571428571428571
0.688953488372093
0.6279761904761905
0.6601190476190477
0.8368421052631578
0.6660859465737514
0.6035087719298246
0.7132784958871916
0.5563953488372093
0.6871345029239766
0.7021151586368978
0.6631701631701632
0.7624854819976771
0.6329849012775842
0.6202090592334495
0.6262254901960784
0.715486194477791
0.6756756756756757
0.8037166085946573
0.7257309941520468
0.666266506602641
0.7950058072009291
0.7257309941520468
0.6573099415204678
0.5790697674418605
0.6095238095238096
0.6773049645390071
0.736192714453584
0.6672619047619048
0.5351190476190476
0.7011695906432749
0.6133720930232559
0.7430232558139535
0.6986062717770034
0.6115151515151516
0.6276595744680851
0.6835075493612079
0.7121212121212122
0.6459302325581395
0.5642256902761105
0.7558139534883721
0.7526439482961221
0.8095238095238095
0.6263157894736843
0.5175438596491228
0.7371794871794871
0.488953488372093
0.6986062717770035
0.7303172737955347
0.6794871794871795
0.745593419506463
0.7514619883040935
0.6370967741935484
0.6498257839721254
0.7168604651162791
0.75
0.6761627906976744
0.6317966903073285
0.632404181184669
0.7018181818181818
0.5467836257309941
0.7304921968787516
0.7517441860465116
0.6385964912280702
0.645760743321719
0.6721212121212121
0.6364692218350755
0.6876456876456877
0.6573099415204678
0.7773207990599295
0.7196969696969696
0.6217494089834515
0.6382978723404256
0.5521212121212121
0.7070175438596491
0.7305458768873403
0.7465116279069767
0.7593240093240093
0.7130952380952381
0.6494186046511627
0.6753774680603948
0.7607142857142857
0.7160278745644599
0.6812865497076024
0.7226107226107227
0.5969802555168409
0.6334498834498834
0.7076830732292916
0.6997677119628338
0.6263157894736843
0.6648936170212766
0.6276595744680851
0.6239766081871345
0.6104651162790699
0.6879432624113475
0.7595238095238096
0.6399535423925669
0.6777389277389277
0.7127039627039627
0.6643920595533499
0.7468060394889663
0.7154471544715447
0.6817653890824623
0.7773809523809524
0.6748538011695907
0.6345454545454545
0.6654970760233918
0.7052631578947368
0.6642857142857143
0.6544665012406948
0.6138211382113821
0.7348484848484849
0.6767857142857143
0.6578631452581032
0.6428571428571429
0.6845238095238095
0.8029761904761905
0.6011695906432749
0.6155632984901278
0.6773049645390071
0.7508771929824561
0.6645348837209302
0.6620648259303722
0.7520325203252033
0.6539365452408931
0.6892857142857143
0.6788617886178862
0.6139835487661575
0.7406759906759907
0.7976608187134503
0.7491186839012925
0.6627906976744186
0.6821386603995301
0.6858974358974359
0.6847319347319347
0.6938775510204083
0.6749999999999999
0.6567599067599067
0.7111111111111111
0.7185314685314685
0.7535460992907801
0.6637115839243499
0.652046783625731
0.5255813953488373
0.7814685314685315
0.7264808362369338
0.7540697674418605
0.7799070847851336
0.7174940898345153
0.6842737094837935
0.6719298245614036
0.6814420803782506
0.6192714453584018
0.5615563298490127
0.5998817966903074
0.6854545454545454
0.4494712103407755
0.7038327526132404
0.6283391405342624
0.7352245862884161
0.6952214452214452
0.686411149825784
0.6827262044653348
0.6095238095238096
0.6309941520467837
0.6509324009324009
0.6596491228070176
0.7068155111633373
0.763807285546416
0.6781609195402298
0.7479435957696827
0.6039488966318235
0.6782713085234093
0.6577380952380952
0.6416957026713125
0.7242424242424242
0.719186046511628
0.7339285714285714
0.7220930232558139
0.6446428571428571
0.6645348837209302
0.698079231692677
0.6312427409988386
0.6789044289044289
0.6322843822843823
0.7421602787456446
0.6877192982456141
0.6260162601626017
0.7354651162790696
0.6118881118881119
0.6497668997668997
0.6879432624113475
0.7269005847953217
0.6928904428904429
0.6309941520467837
0.6048951048951049
0.6616279069767442
0.6322843822843823
0.5629370629370629
0.6869047619047619
0.6612121212121211
0.6786133960047004
0.6335656213704994
0.6587209302325581
0.7470862470862472
0.7872093023255814
0.6303030303030304
0.578397212543554
0.7020905923344948
0.5969802555168409
0.587719298245614
0.690876350540216
0.6504065040650406
0.6875725900116144
0.6566193853427895
0.7354651162790697
0.7076830732292917
0.6858304297328688
0.5383275261324042
0.6958041958041958
0.7305458768873403
0.7638072855464161
0.6866746698679471
0.7184873949579831
0.6360465116279068
0.7654761904761904
0.7076023391812865
0.6511627906976745
0.6684397163120568
0.7296037296037295
0.7261904761904762
0.786295005807201
0.6872093023255813
0.6906432748538012
0.6548463356973996
0.6923076923076923
0.7514619883040936
0.6092436974789915
0.7215116279069768
0.682033096926714
0.7802585193889542
0.7166085946573751
0.6627906976744186
0.597165991902834
0.5947368421052632
0.7450638792102207
0.6074332171893148
0.6875725900116145
0.6672494172494172
0.7274853801169591
0.67953216374269
0.6944777911164466
0.7881152460984393
0.6578947368421053
0.6935672514619883
0.6968641114982578
0.727061556329849
0.7465116279069768
0.7090909090909091
0.6031468531468531
0.6643026004728132
0.610909090909091
0.6089743589743589
0.6986062717770035
0.6536643026004727
0.7502903600464577
0.6245593419506463
0.6957026713124275
0.6927272727272727
0.6160714285714285
0.6732558139534884
0.6922183507549361
0.6538011695906432
0.7034883720930232
0.79732868757259
0.7677070828331333
0.7819767441860465
0.8522458628841607
0.6726744186046512
0.7232893157262905
0.611046511627907
0.7055749128919862
0.7452718676122931
0.7421052631578947
0.6139835487661575
0.6800699300699301
0.6710684273709484
0.6846689895470384
0.6666666666666666
0.7074030552291422
0.663924794359577
0.7064327485380117
0.6393728222996515
0.6090686274509804
0.636310223266745
0.7459302325581395
0.7450638792102207
0.615967365967366
0.65
0.5685579196217494
0.7367802585193889
0.6046511627906976
0.5847851335656213
0.6721504112808461
0.6643026004728132
0.6254355400696864
0.6308139534883721
0.8065268065268065
0.6792803970223324
0.6332533013205282
0.7204678362573099
0.7485380116959065
0.5757931844888367
0.733451536643026
0.668452380952381
0.7357723577235772
0.638953488372093
0.6892857142857143
0.6789473684210526
0.7302325581395349
0.7203488372093023
0.6188475390156062
0.6156976744186047
0.6792009400705052
0.7058139534883721
0.7212543554006968
0.6893939393939393
0.6614401858304297
0.6893147502903599
0.7771867612293144
0.6870629370629371
0.708139534883721
0.6800232288037166
0.7888888888888889
0.6561771561771562
0.6584795321637427
0.6567251461988305
0.7619883040935673
0.6784883720930233
0.6399535423925667
0.6251468860164513
0.7715617715617715
0.7125435540069687
0.6033681765389082
0.6620046620046619
0.7755581668625147
0.6615746180963572
0.6529069767441861
0.6608594657375145
0.6262254901960784
0.6934523809523809
0.5925925925925926
0.6422764227642277
0.7133720930232558
0.683139534883721
0.674404761904762
0.6637115839243499
0.6865497076023391
0.5645348837209302
0.5931372549019608
0.7317073170731707
0.6614219114219115
0.6867612293144207
0.7627906976744185
0.6644657863145258
0.6598837209302326
0.6724738675958187
0.7310874704491725
0.6587209302325582
0.551418439716312
0.7412790697674418
0.7869047619047619
0.7906432748538013
0.5511627906976744
0.597394540942928
0.6561771561771562
0.695906432748538
0.8017441860465117
0.6433566433566433
0.7222222222222223
0.595906432748538
0.6861702127659575
0.7046511627906977
0.6912790697674419
0.6970760233918128
0.7470238095238095
0.6556991774383079
0.6998834498834499
0.7058139534883721
0.7354651162790697
0.6678321678321678
0.712121212121212
0.5798319327731093
0.6713124274099883
0.7822299651567944
0.6148809523809524
0.7901891252955082
0.645710928319624
0.7853801169590644
0.7563953488372093
0.5125786163522013
0.6477541371158393
0.5915151515151515
0.6270396270396271
0.7192671394799054
0.7750582750582751
0.6238372093023257
0.6792009400705052
0.6236363636363637
0.68931475029036
0.7910539215686274
0.6827262044653349
0.6926713947990545
0.7192671394799054
0.6654970760233918
0.645760743321719
0.7742690058479532
0.6709753231492362
0.6319767441860465
0.6752450980392157
0.6524609843937575
0.7429078014184397
0.5893066980023502
0.6686046511627907
0.6501182033096927
0.7369337979094076
0.6800232288037166
0.6981351981351982
0.6856639247943596
0.7732558139534884
0.708628841607565
0.5866279069767442
0.6722689075630253
0.6744186046511627
0.6855791962174942
0.7381796690307328
0.6224489795918366
0.6821428571428572
0.6430303030303031
0.6462984723854289
0.6886016451233843
0.6500600240096037
0.6017156862745099
0.662020905923345
0.5804935370152762
0.6643437862950058
0.7453379953379953
0.691539365452409
0.7392566782810686
0.5714285714285715
0.7128654970760233
0.5854651162790697
0.673054587688734
0.6877906976744186
0.6719298245614036
0.7543554006968641
0.6505813953488372
0.645710928319624
0.6853801169590643
0.7285714285714285
0.5378787878787878
0.6574618096357226
0.6970760233918128
0.6152046783625731
0.7005847953216374
0.7062937062937062
0.7649823736780259
0.723404255319149
0.663924794359577
0.6625730994152046
0.701048951048951
0.6959302325581396
0.7157894736842104
0.8037214885954381
0.6556329849012775
0.6656976744186046
0.6541666666666667
0.6637115839243499
0.6152046783625731
0.5804935370152762
0.7677070828331333
0.6980255516840883
0.662749706227967
0.6539365452408931
0.7843023255813953
0.6097560975609756
0.5660714285714286
0.6040697674418605
0.7305236270753511
0.6672473867595818
0.7136854741896759
0.7677119628339141
0.6398601398601398
0.6451800232288037
0.7080378250591016
0.7831962397179788
0.7284883720930233
0.6603995299647474
0.6934731934731935
0.7654761904761904
0.6166253101736973
0.5356725146198831
0.676608187134503
0.7023391812865497
0.7537746806039489
0.7713920817369093
0.6768507638072855
0.7287234042553192
0.6551116333725029
0.6587209302325581
0.7961672473867596
0.7845528455284553
0.6298472385428908
0.5761627906976744
0.6951219512195121
0.6853801169590643
0.6498257839721255
0.6416083916083916
0.6957026713124274
0.736046511627907
0.6406976744186046
0.6651162790697674
0.7532314923619272
0.6245614035087719
0.6802325581395349
0.6808139534883721
0.641860465116279
0.6813953488372093
0.6730769230769231
0.663337250293772
0.6962397179788484
0.7028811524609844
0.5979020979020979
0.5882694541231126
0.6604651162790698
0.699764982373678
0.6083916083916083
0.7924418604651163
0.6945412311265969
0.69988344988345
0.5604651162790697
0.7162790697674418
0.7651515151515152
0.7784883720930232
0.5017543859649123
0.6304093567251462
0.5945626477541371
0.6918604651162791
0.6842424242424242
0.6719114219114218
0.7244186046511628
0.7479532163742691
0.6958041958041957
0.6110458284371327
0.5881316098707403
0.656140350877193
0.706482593037215
0.6477987421383647
0.6945412311265969
0.6695702671312428
0.7777777777777778
0.7068764568764568
0.7052325581395349
0.7793263646922183
0.5851063829787235
0.6645123384253819
0.6511627906976745
0.6606699751861043
0.7156862745098039
0.696078431372549
0.6260162601626017
0.7752613240418118
0.7726744186046511
0.6151586368977673
0.5854651162790698
0.6283391405342625
0.6730769230769231
0.6353077816492451
0.6773255813953489
0.6886016451233843
0.5644599303135889
0.6987421383647798
0.6486013986013985
0.6976190476190476
0.673076923076923
0.6957026713124275
0.6214285714285714
0.6581395348837209
0.7058139534883722
0.6436046511627908
0.7965116279069767
0.5466200466200466
0.7121034077555817
0.6269005847953216
0.6724738675958188
0.7593023255813953
0.5425407925407926
0.7331002331002331
0.6577380952380952
0.5929152148664344
0.7339181286549707
0.6849881796690307
0.5611045828437133
0.6686046511627907
0.609283196239718
0.5951536643026004
0.713953488372093
0.7926829268292682
0.6771196283391405
0.6962833914053427
0.6180232558139536
0.675
0.7773892773892773
0.6730994152046783
0.6662749706227967
0.45687645687645684
0.6107142857142857
0.7316784869976359
0.6748251748251748
0.733720930232558
0.6363095238095239
0.6935672514619883
0.619271445358402
0.7698135198135199
0.6662749706227967
0.6695702671312428
0.6708037825059101
0.5697674418604651
0.690364277320799
0.6257309941520468
0.675531914893617
0.7167832167832168
0.5871345029239766
0.6765734265734266
0.6969696969696969
0.5862884160756502
0.6575581395348837
0.7421052631578947
0.6845238095238095
0.5088131609870741
0.6433566433566433
0.6134751773049646
0.6839012925969448
0.7301864801864801
0.688734030197445
0.6695906432748537
0.6287878787878788
0.6974148061104584
0.6412121212121211
0.6865497076023392
0.7058139534883722
0.6959302325581396
0.7259001161440186
0.6917249417249418
0.588953488372093
0.6759259259259259
0.5551684088269454
0.708139534883721
0.6308139534883721
0.6311188811188811
0.723030303030303
0.7354312354312355
0.7673325499412456
0.6666666666666666
0.7136904761904761
0.6637529137529138
0.6486486486486487
0.7272727272727273
0.7886178861788619
0.7777777777777778
0.7214452214452215
0.6773255813953488
0.7622093023255814
0.7160278745644599
0.6742160278745645
0.624113475177305
0.7590643274853801
0.7049941927990708
0.5936374549819928
0.74822695035461
0.6748538011695906
0.7436046511627907
0.7180232558139534
0.745644599303136
0.6742424242424243
0.6643437862950058
0.6550522648083623
0.6142191142191143
0.5961538461538461
0.6794425087108014
0.764808362369338
0.68006993006993
0.673076923076923
0.6869918699186992
0.7455934195064631
0.5979020979020979
0.7970760233918128
0.6823899371069182
0.7686046511627908
0.7497076023391813
0.7873090481786134
0.6884753901560624
0.7377622377622378
0.6696428571428571
0.683625730994152
0.6146572104018913
0.7039007092198581
0.7110465116279069
0.5883720930232558
0.6950646298472386
0.7293144208037826
0.7892857142857144
0.6750881316098708
0.611904761904762
0.6742690058479532
0.6754385964912281
0.5872093023255814
0.6750881316098707
0.6236933797909407
0.7540792540792541
0.6479532163742691
0.7375145180023229
0.6662749706227966
0.6482558139534884
0.6713947990543735
0.7020905923344948
0.5737514518002322
0.6815476190476191
0.7296511627906976
0.6591173054587689
0.6116959064327485
0.6312056737588653
0.6236933797909407
0.7807328605200946
0.6418439716312057
0.6602787456445993
0.6351981351981352
0.6427738927738929
0.6596736596736597
0.7206736353077816
0.5909090909090908
0.6826241134751774
0.6209302325581396
0.6174418604651163
0.7261072261072261
0.7726204465334899
0.6028202115158637
0.5430232558139536
0.7377906976744186
0.7104651162790698
0.6052631578947368
0.5575581395348836
0.793517406962785
0.6304347826086956
0.743452380952381
0.7302325581395349
0.7555168408826946
0.7383720930232558
0.6976608187134503
0.6668625146886016
0.7386759581881532
0.6637426900584794
0.7771867612293144
0.5787309048178614
0.6401162790697674
0.7151300236406619
0.6785714285714286
0.7016317016317016
0.6393728222996516
0.6835075493612079
0.7371323529411764
0.7520325203252032
0.7267441860465117
0.7365967365967366
0.7257309941520467
0.7206736353077817
0.6713286713286714
0.7682926829268293
0.6953216374269006
0.6777777777777778
0.6481481481481481
0.700595238095238
0.7943262411347518
0.7237762237762237
0.6296511627906977
0.7560975609756098
0.6190476190476191
0.6684088269454124
0.7319767441860465
0.6149425287356322
0.7229965156794426
0.7017441860465116
0.6614035087719298
0.6872093023255813
0.6939605110336818
0.6883040935672515
0.7021151586368978
0.6730994152046783
0.6773255813953488
0.5914918414918415
0.6045296167247387
0.7333333333333334
0.71968787515006
0.6738372093023255
0.5644599303135888
0.6263157894736843
0.7532163742690059
0.6157575757575757
0.7421602787456446
0.655111633372503
0.6172456575682382
0.6206293706293706
0.7156862745098038
0.5990675990675991
0.7247386759581882
0.7209302325581395
0.705574912891986
0.6631578947368422
0.6550522648083623
0.7616279069767442
0.7427409988385598
0.6698002350176263
0.7174418604651163
0.5725900116144018
0.6684210526315789
0.7125435540069687
0.663030303030303
0.5703488372093023
0.5284883720930232
0.6963636363636363
0.6578616352201258
0.7558275058275058
0.7069767441860465
0.6841491841491842
0.7076830732292917
0.6350540216086433
0.7375886524822695
0.6806039488966318
0.7185663924794359
0.6296511627906977
0.7184873949579832
0.6847319347319347
0.7116959064327486
0.778164924506388
0.6733254994124559
0.7672727272727272
0.7356051703877792
0.7193627450980392
0.7115384615384616
0.6252913752913754
0.7358156028368794
0.7677304964539008
0.6474735605170387
0.8584558823529411
