0.8831395348837209
0.906547619047619
0.8541666666666666
0.9660818713450292
0.9708436724565758
0.8696428571428572
0.8285714285714285
0.8970930232558139
0.8883720930232558
0.8678362573099415
0.870909090909091
0.8542392566782812
0.9191176470588235
0.8773255813953487
0.8830409356725147
0.8722415795586528
0.9113475177304965
0.9195804195804195
0.8494186046511628
0.8854289071680377
0.8805522208883553
0.897093023255814
0.8459302325581395
0.9186046511627907
0.9104651162790697
0.9403508771929824
0.9030732860520094
0.8902439024390244
0.9515151515151515
0.9238372093023256
0.9116279069767441
0.871915393654524
0.8678787878787879
0.8649122807017543
0.9165687426556991
0.8321637426900585
0.9013647642679901
0.8881118881118881
0.8658536585365854
0.8906976744186046
0.9168734491315137
0.8826945412311266
0.9698581560283688
0.9638694638694638
0.9180232558139534
0.9491228070175438
0.8855981416957027
0.9529964747356052
0.9361207897793263
0.8802325581395349
0.8986013986013985
0.8941860465116278
0.9285714285714286
0.922093023255814
0.8755813953488373
0.8552009456264776
0.9200940070505288
0.9409356725146198
0.8732142857142857
0.9618096357226792
0.87953216374269
0.7787456445993031
0.9447674418604651
0.9124559341950647
0.8567251461988303
0.8907168037602822
0.8830409356725146
0.8565621370499419
0.8605200945626479
0.9557109557109558
0.9116279069767442
0.9093023255813952
0.8595438175270108
0.9059929494712103
0.8796511627906977
0.9095182138660399
0.9053571428571429
0.9192982456140352
0.9600470035252644
0.9213286713286714
0.8432055749128919
0.8860606060606061
0.9128654970760234
0.8791666666666667
0.8775757575757576
0.9351740696278512
0.9163763066202091
0.8344947735191638
0.9414893617021277
0.831002331002331
0.8906976744186046
0.923391812865497
0.8835534213685475
0.8745644599303136
0.8263403263403263
0.8877171215880892
0.9011695906432748
0.8668604651162791
0.9038461538461537
0.9076655052264808
0.9044289044289046
0.8362573099415205
0.9249999999999999
0.8900709219858156
0.8930232558139535
0.9315476190476191
0.9018912529550828
0.917743830787309
0.9324324324324323
0.9157894736842105
0.8453488372093023
0.9219858156028369
0.9534883720930232
0.9512195121951219
0.8588850174216027
0.9059233449477353
0.8794326241134752
0.8914053426248548
0.9335664335664337
0.8784883720930232
0.9302325581395349
0.9366279069767441
0.8554778554778555
0.9195804195804196
0.9101654846335698
0.9406580493537016
0.8603238866396761
0.9339285714285714
0.841016548463357
0.8781818181818183
0.8888888888888888
0.8863095238095238
0.8918128654970761
0.8886904761904763
0.9036004645760743
0.9470930232558139
0.8490909090909091
0.919767441860465
0.8589894242068156
0.9198830409356725
0.879652605459057
0.8730994152046784
0.8971631205673758
0.8548766157461809
0.8983739837398375
0.8375
0.9130952380952381
0.9110465116279071
0.886904761904762
0.9041666666666667
0.9251461988304093
0.8850174216027874
0.8292397660818713
0.9148061104582844
0.8319767441860466
0.8116959064327485
0.9318448883666276
0.8717948717948718
0.9256678281068524
0.875725900116144
0.8809523809523809
0.8627450980392157
0.8463385354141656
0.8936545240893067
0.8902439024390245
0.839766081871345
0.8925570228091237
0.90534262485482
0.8801169590643275
0.912280701754386
0.8656976744186047
0.8148809523809525
0.9296690307328606
0.9106933019976499
0.9345238095238095
0.8124999999999999
0.8847953216374269
0.8104651162790697
0.9046511627906976
0.8710801393728222
0.8460606060606061
0.8611111111111112
0.8646922183507549
0.8857808857808858
0.9209302325581395
0.8343337334933973
0.9232558139534883
0.8936545240893068
0.9367015098722415
0.8766081871345028
0.915204678362573
0.932983682983683
0.8529069767441861
0.8774680603948897
0.9030552291421856
0.918997668997669
0.9383078730904818
0.8807017543859649
0.9131513647642681
0.8826945412311266
0.9046511627906976
0.9619047619047619
0.8936046511627906
0.7659574468085106
0.9494773519163762
0.923030303030303
0.9204678362573099
0.8673469387755103
0.9575581395348837
0.928654970760234
0.8391405342624855
0.7951515151515152
0.8734030197444832
0.8997668997668997
0.916374269005848
0.9582843713278496
0.905011655011655
0.9355791962174942
0.9125295508274232
0.9327272727272727
0.8631578947368421
0.8368176538908246
0.8872093023255813
0.9347319347319347
0.9089285714285714
0.9406976744186045
0.9128919860627177
0.9011904761904762
0.8931475029036005
0.856140350877193
0.9038461538461539
0.8803716608594657
0.884032634032634
0.9345738295318127
0.8594657375145179
0.9181286549707602
0.8469267139479906
0.9485815602836879
0.9233918128654971
0.9029069767441861
0.9225768321513003
0.9428571428571428
0.8850174216027874
0.8350815850815851
0.8811188811188811
0.9485111662531017
0.9610917537746806
0.929732868757259
0.9221835075493612
0.9119047619047619
0.92046783625731
0.9375757575757576
0.8304093567251463
0.8385964912280702
0.9053571428571427
0.8864764267990074
0.9616724738675958
0.9026806526806527
0.8785714285714286
0.9069627851140457
0.8793517406962784
0.9023809523809524
0.8750000000000001
0.8824561403508772
0.853658536585366
0.9066193853427895
0.9257309941520467
0.9075581395348837
0.9147659063625451
0.8855981416957026
0.9341950646298472
0.9130952380952381
0.8710801393728222
0.9142185663924794
0.9189976689976691
0.8614035087719298
0.7984723854289071
0.8883720930232558
0.8707403055229143
0.8403263403263403
0.9125874125874126
0.8997599039615847
0.9523255813953487
0.9038461538461539
0.8719298245614036
0.8677156177156177
0.9373522458628841
0.8486997635933806
0.8532163742690058
0.8738372093023256
0.8986013986013988
0.8635307781649245
0.9034883720930232
0.9094076655052263
0.8486997635933806
0.8835534213685473
0.9122807017543859
0.8865248226950354
0.8707403055229143
0.8437862950058072
0.8871158392434988
0.8842424242424243
0.8225616921269095
0.8809523809523809
0.9262485481997677
0.9438534278959811
0.8257575757575758
0.9355400696864111
0.9042303172737955
0.8130952380952381
0.8631578947368421
0.9254079254079255
0.9134502923976608
0.9036427732079906
0.9694477085781434
0.8486590038314177
0.9247943595769682
0.8937282229965157
0.9675870348139256
0.8785714285714286
0.8768873403019745
0.8975757575757576
0.8563953488372092
0.9369047619047619
0.9534883720930232
0.9214285714285714
0.8058139534883721
0.8937575030012005
0.9337979094076655
0.877039627039627
0.93006993006993
0.9233449477351917
0.9263157894736841
0.9198606271777003
0.8726744186046511
0.8356643356643356
0.8706293706293707
0.8776595744680851
0.9245614035087719
0.8799533799533801
0.9216374269005847
0.903846153846154
0.8622093023255815
0.8018648018648017
0.9306526806526807
0.9333333333333333
0.927878787878788
0.873678025851939
0.9134727061556329
0.8581395348837209
0.9318181818181818
0.944767441860465
0.9442424242424242
0.8943089430894308
0.9006968641114983
0.8234610917537747
0.9058479532163742
0.9009603841536614
0.9065040650406504
0.9274099883855981
0.9137115839243499
0.9203488372093024
0.8961584633853541
0.8995354239256679
0.9483159117305459
0.9073426573426573
0.9378629500580721
0.908930669800235
0.8745498199279712
0.8499399759903962
0.8656976744186047
0.9345238095238095
0.9105263157894736
0.9151162790697676
0.9267139479905436
0.9417249417249417
0.8886904761904761
0.9152148664343788
0.8808139534883721
0.936842105263158
0.8652482269503545
0.8712121212121211
0.888888888888889
0.9117647058823529
0.9261627906976744
0.8463356973995272
0.9312573443008225
0.9065040650406503
0.9116279069767441
0.9581646423751687
0.8947368421052632
0.9175377468060395
0.8368176538908246
0.8687572590011613
0.9149184149184149
0.9292397660818715
0.8374269005847953
0.9417767106842737
0.9279711884753902
0.9187134502923977
0.9309941520467836
0.9401858304297329
0.9036004645760743
0.9186046511627907
0.8399999999999999
0.9428904428904429
0.865839243498818
0.9036363636363636
0.937062937062937
0.8925667828106852
0.9550827423167849
0.8885017421602787
0.8889541715628673
0.9210220673635308
0.9018181818181819
0.9160714285714285
0.8540697674418605
0.9088269454123112
0.9035087719298246
0.9011627906976744
0.9250871080139372
0.9255702280912366
0.9186046511627907
0.900709219858156
0.9081395348837209
0.8397358943577431
0.8563953488372092
0.89198606271777
0.9184397163120567
0.8853801169590643
0.8084606345475911
0.8595571095571095
0.8553421368547418
0.8821138211382115
0.9088269454123112
0.9177438307873091
0.9312573443008226
0.9011695906432747
0.9488966318234611
0.8964460784313726
0.9077555816686251
0.922674418604651
0.9384436701509872
0.8601398601398602
0.8808139534883721
0.8918439716312057
0.8290246768507639
0.9482558139534883
0.8281068524970964
0.9177438307873091
0.8711583924349882
0.8495934959349594
0.8558139534883721
0.8881118881118881
0.9212158808933002
0.8817527010804322
0.8947368421052633
0.8701754385964913
0.8936545240893067
0.9119385342789598
0.8559523809523809
0.9169570267131243
0.9808139534883721
0.906547619047619
0.8935672514619882
0.9232558139534884
0.9406976744186047
0.8925570228091236
0.8238372093023255
0.8871915393654524
0.938953488372093
0.8722415795586527
0.8624708624708625
0.8774680603948897
0.8681765389082462
0.91548463356974
0.8834498834498835
0.8912790697674419
0.9285714285714286
0.891812865497076
0.8356643356643356
0.8900584795321638
0.9485380116959065
0.9497076023391813
0.9500000000000001
0.8821138211382112
0.8566392479435959
0.9318181818181819
0.9128919860627177
0.8612078977932637
0.8881118881118881
0.8830787309048178
0.9012925969447708
0.8325581395348837
0.908246225319396
0.8958333333333333
0.9172619047619047
0.8109833971902938
0.9036004645760742
0.9046511627906977
0.8744186046511628
0.794047619047619
0.8823877068557919
0.8929824561403509
0.9162790697674419
0.9473039215686274
0.9529616724738675
0.8752913752913754
0.9060283687943262
0.7825581395348837
0.9165666266506602
0.8901162790697674
0.9094076655052264
0.8900709219858156
0.8523255813953489
0.9237588652482269
0.9156976744186046
0.9732142857142857
0.8789473684210527
0.8447674418604652
0.8306451612903226
0.9224941724941724
0.9368421052631578
0.9180232558139535
0.9067599067599068
0.9216374269005847
0.9660818713450293
0.9042553191489361
0.9319767441860466
0.8883720930232558
0.8695906432748538
0.8744047619047619
0.9095182138660401
0.972027972027972
0.8877906976744186
0.9470930232558139
0.9026806526806526
0.9224941724941725
0.9267707082833133
0.9337979094076655
0.8774680603948896
0.9232142857142858
0.9007092198581561
0.9036427732079906
0.9695906432748538
0.9651162790697674
0.9276729559748428
0.9178486997635934
0.8987878787878788
0.9172494172494173
0.8723404255319148
0.8531468531468531
0.8895348837209303
0.9253819036427733
0.9260606060606061
0.9436701509872241
0.8437500000000001
0.9870740305522915
0.910756501182033
0.9598108747044918
0.9035087719298246
0.8832752613240418
0.9087719298245615
0.936545240893067
0.8680232558139536
0.9307598039215688
0.8865546218487395
0.9137115839243499
0.8648648648648649
0.9313953488372093
0.817966903073286
0.8861788617886179
0.9308943089430894
0.8834498834498835
0.9106933019976499
0.8761627906976743
0.8812056737588652
0.9075581395348837
0.8955582232893157
0.8790697674418604
0.8877068557919622
0.9408983451536642
0.9081632653061225
0.8690476190476191
0.8563636363636364
0.8548766157461809
0.8707403055229143
0.825330132052821
0.8799019607843137
0.9256678281068526
0.8108108108108109
0.8583042973286876
0.8537296037296036
0.9071680376028203
0.9506387921022067
0.8583333333333333
0.8818713450292397
0.886046511627907
0.8977932636469221
0.9470930232558139
0.8432748538011696
0.9175377468060395
0.8395348837209302
0.8801410105757931
0.8888888888888888
0.9041666666666667
0.958041958041958
0.8960047003525266
0.9385964912280702
0.9263157894736842
0.9035087719298246
0.9055944055944055
0.9336075205640423
0.9533096926713949
0.9018801410105758
0.8906432748538011
0.8461538461538461
0.9133720930232558
0.8491228070175438
0.9315726290516206
0.9128919860627178
0.9127906976744186
0.9553571428571429
0.9066193853427895
0.9157894736842105
0.8495887191539365
0.9159663865546218
0.9018583042973287
0.8689776733254995
0.9524089306698003
0.9226744186046512
0.9065040650406504
0.8904761904761905
0.9325581395348836
0.8761174968071519
0.8879210220673636
0.8727490996398559
0.9181184668989548
0.9557109557109558
0.8768873403019746
0.9166666666666667
0.854289071680376
0.8953488372093024
0.9165687426556992
0.9160839160839161
0.8720238095238094
0.8988833746898263
0.8590643274853801
0.9140350877192983
0.8748538011695907
0.9186991869918699
0.9335887611749681
0.9059929494712103
0.8280141843971631
0.8989424206815511
0.8941860465116279
0.8885017421602787
0.9326364692218351
0.8889541715628673
0.8645348837209303
0.9361207897793263
0.9005847953216374
0.8995354239256678
0.8735431235431236
0.9297328687572589
0.8901162790697674
0.9
0.8773255813953489
0.9224441833137486
0.8812865497076023
0.8680232558139535
0.8941860465116279
0.8645348837209302
0.9482558139534885
0.9487179487179488
0.8284371327849588
0.9371327849588719
0.8667466986794718
0.9329836829836831
0.8983739837398373
0.9226744186046512
0.871327849588719
0.8747086247086245
0.9267441860465117
0.8594657375145179
0.8583916083916083
0.8697674418604651
0.944186046511628
0.9038461538461537
0.9424418604651162
0.895906432748538
0.9175438596491228
0.8457446808510639
0.8633720930232558
0.9454545454545453
0.9090909090909091
0.8976744186046512
0.876608187134503
0.9405594405594405
0.8642773207990598
0.927732079905993
0.9251461988304094
0.8991596638655461
0.8899371069182389
0.9024390243902439
0.8315911730545876
0.9853801169590642
0.858974358974359
0.9418604651162792
0.9634146341463414
0.839243498817967
0.9482961222091657
0.9662790697674418
0.8808933002481389
0.8412990196078431
0.9136029411764706
0.8699186991869919
0.9006968641114983
0.911046511627907
0.8760282021151586
0.8343023255813953
0.9047619047619048
0.9143356643356644
0.8908246225319396
0.8587209302325581
0.9065804935370153
0.8925667828106854
0.8654088050314466
0.9114219114219114
0.9107142857142857
0.87995337995338
0.9308943089430894
0.8732142857142857
0.9273255813953489
0.8232558139534885
0.8784883720930233
0.9191860465116278
0.953962703962704
0.9071680376028203
0.8824561403508772
0.9099883855981417
0.9174418604651163
0.9236596736596736
0.9423076923076923
0.8732142857142857
0.8623693379790941
0.9374269005847953
0.857565011820331
0.900117508813161
0.9075581395348836
0.8113983548766157
0.892434988179669
0.8819767441860465
0.8710801393728222
0.8426248548199768
0.8908246225319396
0.8796511627906975
0.8953488372093024
0.9242424242424242
0.9409356725146198
0.9189189189189189
0.8921911421911423
0.8940476190476191
0.822695035460993
0.8869463869463868
0.8424418604651163
0.9101190476190477
0.9163742690058478
0.8789659224441834
0.8758741258741259
0.9030552291421857
0.9442508710801394
0.8646572104018913
0.8662790697674418
0.8566392479435958
0.9181286549707602
0.8752955082742317
0.9277389277389277
0.8900584795321638
0.93997668997669
0.9230769230769231
0.8528368794326241
0.8709302325581395
0.8906432748538011
0.9392857142857143
0.8754406580493538
0.9533799533799534
0.8853427895981087
0.9054054054054055
0.9032634032634033
0.8768873403019745
0.9233918128654971
0.9236596736596736
0.9065804935370153
0.8642424242424243
0.8543859649122807
0.8186046511627907
0.8354651162790698
0.8670150987224158
0.8473193473193474
0.8401162790697675
0.8842592592592592
0.8710801393728222
0.9343023255813954
0.9052325581395348
0.9003496503496503
0.923030303030303
0.9265734265734266
0.9054054054054054
0.8736842105263158
0.8934523809523809
0.9125874125874126
0.9136310223266746
0.8968531468531468
0.940766550522648
0.859338061465721
0.9096736596736597
0.9203488372093023
0.886046511627907
0.9518002322880371
0.8588850174216027
0.8481087470449173
0.9304093567251462
0.9181184668989547
0.8715486194477792
0.925531914893617
0.8444444444444444
0.8994186046511627
0.9313953488372093
0.8612078977932636
0.9131701631701631
0.9024390243902438
0.9239256678281069
0.9050116550116549
0.7668997668997669
0.8774680603948897
0.9396051103368177
0.9213286713286714
0.9213286713286714
0.8931475029036005
0.9635722679200941
0.8356643356643357
0.9356725146198831
0.9251572327044025
0.9046511627906977
0.9368421052631579
0.9670975323149236
0.9027611044417767
0.9388111888111889
0.9089285714285714
0.9426900584795321
0.8617021276595744
0.9391252955082742
0.9023255813953488
0.9232558139534884
0.9177438307873091
0.925531914893617
0.8648809523809523
0.9218566392479437
0.8273809523809524
0.9157894736842106
0.9456140350877192
0.8534883720930233
0.8842538190364276
0.9285714285714286
0.8811188811188811
0.9385964912280701
0.8774680603948897
0.8883666274970623
0.8656976744186046
0.8936170212765957
0.9111498257839721
0.8530778164924507
0.9077380952380952
0.9104651162790698
0.89198606271777
0.9327485380116959
0.8894799054373522
0.8861788617886179
0.8912529550827422
0.8882978723404255
0.8786295005807201
0.9073426573426573
0.905011655011655
0.8677156177156178
0.9186991869918699
0.9201631701631702
0.8882978723404255
0.9151162790697674
0.9186046511627907
0.8997668997668997
0.9230317273795534
0.9148061104582845
0.877906976744186
0.9098837209302325
0.9476744186046512
0.9210526315789473
0.8662790697674418
0.8919567827130852
0.8313748531139834
0.9440476190476191
0.9052325581395348
0.9349593495934959
0.9726744186046512
0.9350877192982456
0.8918918918918919
0.9686411149825783
0.9140350877192983
0.9101654846335697
0.8766157461809636
0.961046511627907
0.8953900709219859
0.9142857142857143
0.9446386946386947
0.8832752613240418
0.9250871080139373
0.9111519607843137
0.9152148664343787
0.9290697674418604
0.8817016317016316
0.9198830409356725
0.9494773519163763
0.9481351981351981
0.8687572590011614
0.9415204678362574
0.8847953216374269
0.9125159642401022
0.8946428571428571
0.890661938534279
0.932983682983683
0.9151162790697674
0.9088269454123113
0.8577235772357723
0.9308943089430894
0.797093023255814
0.8710089399744572
0.8356562137049942
0.9686046511627907
0.8614035087719298
0.877906976744186
0.9279907084785133
0.8818713450292398
0.8918918918918919
0.9134502923976608
0.8465116279069768
0.9155011655011656
0.8310104529616724
0.9096969696969697
0.929171668667467
0.9
0.8368176538908246
0.9093567251461987
0.9421052631578948
0.8927272727272728
0.8908246225319396
0.8772032902467686
0.924317617866005
0.8805361305361306
0.8529411764705882
0.8391608391608391
0.872822299651568
0.9267441860465115
0.9117305458768873
0.9233918128654971
0.8768873403019745
0.9069767441860465
0.9169570267131243
0.8666274970622797
0.9406976744186046
0.8937282229965158
0.9374269005847954
0.8885017421602788
0.9224242424242424
0.8912790697674419
0.833139534883721
0.8654545454545454
0.8754716981132075
0.967948717948718
0.8383720930232559
0.8968531468531468
0.9171668667466987
0.9195678271308524
0.9332151300236406
0.8873403019744482
0.899529964747356
0.8697674418604652
0.8205282112845138
0.8519813519813519
0.8725146198830409
0.8635307781649246
0.9383078730904818
0.9078787878787878
0.9759106933019975
0.9442401960784315
0.9061771561771561
0.8997668997668998
0.9527186761229315
0.9213947990543736
0.9077555816686251
0.9332107843137256
