0.8247093023255814
0.86875
0.7645833333333333
0.8309941520467835
0.7754342431761787
0.8324404761904761
0.7580357142857143
0.8130813953488372
0.8113372093023257
0.7362573099415205
0.743030303030303
0.7845528455284552
0.8333333333333333
0.8267441860465117
0.7675438596491228
0.7572590011614402
0.8218085106382979
0.8135198135198135
0.7784883720930232
0.8263807285546416
0.8064225690276111
0.8479651162790697
0.8401162790697675
0.8462209302325582
0.8017441860465115
0.7956140350877193
0.8093971631205674
0.7610336817653891
0.8942424242424243
0.7642441860465117
0.8401162790697675
0.7917156286721504
0.8296969696969697
0.7695906432748538
0.8269682726204465
0.797953216374269
0.8517369727047147
0.8138111888111889
0.8324622531939605
0.7427325581395349
0.8557692307692308
0.7938443670150988
0.851063829787234
0.8849067599067598
0.7863372093023255
0.8423976608187135
0.8089430894308942
0.8478260869565217
0.8542392566782809
0.726453488372093
0.9117132867132868
0.7901162790697673
0.756678281068525
0.8026162790697675
0.8133720930232557
0.8020094562647754
0.8213866039952997
0.7450292397660819
0.7791666666666667
0.7881903642773209
0.7906432748538013
0.7105110336817655
0.8229651162790698
0.8343125734430082
0.7470760233918128
0.7259106933019976
0.7584795321637426
0.7807781649245065
0.8061465721040189
0.8849067599067598
0.7936046511627907
0.797093023255814
0.7587034813925569
0.7964159811985898
0.8017441860465115
0.8642773207990598
0.7946428571428571
0.8108187134502923
0.8322561692126911
0.8053613053613052
0.7131242740998839
0.7745454545454545
0.8070175438596492
0.7764880952380953
0.7845454545454547
0.8133253301320528
0.8060394889663182
0.7340301974448317
0.8339243498817966
0.7427156177156178
0.7630813953488372
0.8260233918128654
0.8073229291716687
0.8176538908246226
0.7907925407925409
0.8709677419354839
0.8201754385964912
0.7651162790697674
0.8039044289044289
0.7932636469221835
0.8365384615384616
0.7532163742690058
0.8645833333333333
0.79403073286052
0.8008720930232558
0.8154761904761905
0.8708628841607565
0.8507638072855463
0.831668625146886
0.8391812865497076
0.822093023255814
0.8380614657210401
0.8587209302325581
0.8542392566782809
0.8330429732868757
0.8681765389082462
0.798758865248227
0.829849012775842
0.7939976689976691
0.7389534883720931
0.8578488372093024
0.8392441860465116
0.7794289044289046
0.8251748251748253
0.7848699763593381
0.8369565217391304
0.7317813765182186
0.8610119047619047
0.7278368794326242
0.7496969696969698
0.8301169590643276
0.8440476190476189
0.7675438596491228
0.7904761904761904
0.7938443670150988
0.8758720930232557
0.7078787878787878
0.8479651162790697
0.7855464159811986
0.8046783625730994
0.8294044665012407
0.8049707602339181
0.8569739952718676
0.7617508813160987
0.8060394889663182
0.7803571428571429
0.8467261904761905
0.7883720930232558
0.8464285714285714
0.8258928571428572
0.8514619883040936
0.8800813008130083
0.7605263157894737
0.804641598119859
0.7997093023255814
0.7321637426900585
0.8398942420681551
0.8277972027972028
0.8562717770034843
0.7206736353077817
0.7726480836236933
0.7732843137254902
0.8073229291716687
0.8234430082256169
0.7572590011614402
0.7827485380116959
0.7779111644657863
0.7366434378629501
0.7824561403508772
0.8584795321637426
0.7776162790697675
0.762202380952381
0.8259456264775414
0.7673325499412456
0.8360119047619047
0.8050595238095238
0.8108187134502923
0.7747093023255813
0.7901162790697673
0.818815331010453
0.8348484848484848
0.8797281323877069
0.8661440185830429
0.7826340326340325
0.8383720930232557
0.8517406962785113
0.7872093023255814
0.7943595769682726
0.7967479674796748
0.8350877192982457
0.8403508771929825
0.8633449883449883
0.7997093023255814
0.7947154471544715
0.8372502937720329
0.7494172494172495
0.8181551116333724
0.7453216374269007
0.8204094292803971
0.7961672473867596
0.8005813953488372
0.8258928571428572
0.8229651162790698
0.7278368794326242
0.8214285714285714
0.8084848484848485
0.8222222222222222
0.7472989195678271
0.7659883720930234
0.8856725146198831
0.8199767711962833
0.7578787878787878
0.8301393728222997
0.7523310023310024
0.8441520467836258
0.8125734430082258
0.8266317016317016
0.8404255319148937
0.8153073286052009
0.8748484848484849
0.7339181286549707
0.8327526132404182
0.829360465116279
0.8863636363636364
0.7696428571428572
0.8267441860465117
0.8304297328687573
0.8217261904761903
0.7209639953542393
0.7190058479532164
0.837995337995338
0.8182346109175378
0.7910839160839161
0.7974189675870348
0.7363530778164924
0.7429824561403511
0.8120567375886525
0.8486997635933805
0.8292397660818714
0.8005813953488372
0.791371158392435
0.8360119047619047
0.8417537746806039
0.8106060606060606
0.7607808857808859
0.8042803970223326
0.8423344947735192
0.7732288037166086
0.8179442508710801
0.7907738095238095
0.8502923976608187
0.8184848484848485
0.7257309941520468
0.8029239766081873
0.775297619047619
0.788151364764268
0.8780487804878049
0.8138111888111889
0.8633928571428571
0.8379351740696278
0.7926170468187275
0.8229166666666667
0.731845238095238
0.8108187134502923
0.756678281068525
0.777482269503546
0.8190058479532164
0.763953488372093
0.8379351740696278
0.7337398373983741
0.8425381903642772
0.7907738095238095
0.832171893147503
0.7782021151586369
0.8336247086247086
0.786842105263158
0.7259106933019976
0.7531976744186047
0.8155111633372503
0.7765151515151514
0.8508158508158509
0.8232292917166866
0.7758720930232557
0.8747086247086246
0.7935672514619884
0.8039044289044289
0.7807328605200946
0.7630023640661939
0.8119883040935673
0.813953488372093
0.8377039627039627
0.8429152148664344
0.7880813953488373
0.8304297328687573
0.7621158392434988
0.864045618247299
0.8646198830409357
0.7848699763593381
0.7799647473560517
0.8086527293844367
0.798758865248227
0.7845454545454547
0.8642773207990598
0.8330429732868757
0.8789198606271776
0.8126477541371159
0.7281468531468532
0.8324622531939605
0.7834900117508813
0.7761904761904761
0.7827485380116959
0.8476107226107227
0.8502923976608187
0.7555816686251468
0.8804347826086957
0.822477650063857
0.7673325499412456
0.7685830429732868
0.8832533013205282
0.7904761904761904
0.7961672473867596
0.8136363636363637
0.788953488372093
0.8255952380952382
0.7651162790697674
0.8854166666666667
0.7793604651162791
0.7680072028811525
0.8304297328687573
0.7939976689976691
0.7727272727272727
0.8423344947735192
0.8087719298245614
0.8301393728222997
0.7909883720930233
0.7441724941724941
0.7896270396270396
0.7810283687943264
0.8029239766081873
0.8076923076923077
0.8704678362573098
0.8761655011655012
0.7909883720930233
0.7840909090909092
0.8479020979020979
0.8151785714285714
0.8245454545454546
0.8072855464159812
0.8179442508710801
0.7776162790697675
0.8251748251748253
0.7802325581395348
0.7996969696969698
0.8542392566782809
0.7851335656213705
0.781068524970964
0.8625730994152047
0.8028211284513805
0.8086527293844367
0.8449477351916377
0.851950354609929
0.8122093023255813
0.8268307322929173
0.8205574912891987
0.8449477351916377
0.7864219114219114
0.8208478513356562
0.8022914218566393
0.8277310924369748
0.7959183673469388
0.8113372093023257
0.8181547619047618
0.8029239766081873
0.8142441860465117
0.8430851063829787
0.8563519813519813
0.8008928571428571
0.7723577235772358
0.7755813953488373
0.8383040935672514
0.8037825059101654
0.7797202797202797
0.8230994152046783
0.8562424969987994
0.7909883720930233
0.7742316784869976
0.7808460634547592
0.8333333333333333
0.8005813953488372
0.8491902834008097
0.8461988304093567
0.8542392566782809
0.7447735191637631
0.8301393728222997
0.8490675990675991
0.8391812865497076
0.7564327485380117
0.8619447779111644
0.7926170468187275
0.8704678362573098
0.7915204678362572
0.7613240418118467
0.8420441347270615
0.7909883720930233
0.7542424242424244
0.7963286713286714
0.8020094562647754
0.8145454545454545
0.82488344988345
0.8554006968641115
0.8617021276595744
0.7839721254355401
0.7943595769682726
0.8327526132404182
0.7378787878787879
0.8645833333333333
0.8034883720930233
0.8437862950058073
0.8070175438596492
0.8276162790697674
0.8304297328687573
0.7824129651860743
0.776453488372093
0.7293144208037825
0.8229651162790698
0.731392557022809
0.7892441860465117
0.8554006968641115
0.8324468085106382
0.7956140350877193
0.7502937720329025
0.7881701631701632
0.737094837935174
0.8420441347270615
0.8545296167247387
0.8863102232667449
0.8025851938895417
0.8198830409356725
0.9036004645760742
0.7864583333333333
0.8181551116333724
0.8470930232558138
0.8330429732868757
0.8251748251748253
0.7784883720930232
0.9083924349881796
0.7203290246768507
0.8526162790697673
0.832171893147503
0.8566392479435958
0.8020094562647754
0.8327526132404182
0.751453488372093
0.7951631701631701
0.7884615384615384
0.8277310924369748
0.8029239766081873
0.8049707602339181
0.8566392479435958
0.7907801418439716
0.7449404761904761
0.8199767711962833
0.9125
0.7657738095238096
0.8160818713450293
0.7854651162790697
0.7793604651162791
0.7767106842737095
0.7540697674418604
0.8025851938895417
0.8247093023255814
0.7935540069686412
0.8677156177156178
0.8179442508710801
0.7244483159117305
0.8306737588652482
0.756993006993007
0.8470930232558138
0.8089430894308942
0.7119883040935673
0.7138694638694638
0.7695906432748538
0.8350877192982457
0.8230994152046783
0.9008720930232557
0.8208478513356562
0.7511750881316099
0.7811771561771562
0.8051684088269455
0.8057491289198607
0.7578671328671328
0.8019976498237368
0.7911280846063455
0.7909883720930233
0.8089430894308942
0.78125
0.8791666666666668
0.7710727969348659
0.8092334494773519
0.8363372093023256
0.834593023255814
0.7761904761904761
0.7816193853427896
0.7695906432748538
0.8401162790697675
0.803921568627451
0.7970383275261324
0.8006993006993006
0.8232860520094563
0.7729651162790697
0.8130252100840336
0.766860465116279
0.7964576074332173
0.8158983451536643
0.7665697674418606
0.780141843971631
0.7898255813953488
0.84375
0.7342105263157895
0.8267441860465117
0.7648883374689825
0.8607226107226107
0.8421052631578947
0.8354651162790697
0.7896270396270396
0.8239766081871345
0.8666666666666667
0.756501182033097
0.8017441860465115
0.7677325581395349
0.7847953216374269
0.7657738095238096
0.8187426556991775
0.8508158508158509
0.7630813953488372
0.8142441860465117
0.7797202797202797
0.7864219114219114
0.8220288115246098
0.8327526132404182
0.7819396051103369
0.7726190476190476
0.8486997635933805
0.7690951821386603
0.8160818713450293
0.7758720930232557
0.8311320754716981
0.8093971631205674
0.7981818181818181
0.8747086247086246
0.7662529550827423
0.7995337995337995
0.7988372093023255
0.805229142185664
0.8296969696969697
0.8687572590011614
0.7438725490196079
0.8810223266745006
0.8333333333333333
0.8232860520094563
0.8160818713450293
0.7688734030197445
0.8634502923976608
0.8863102232667449
0.8561046511627908
0.8511029411764706
0.731392557022809
0.7668439716312057
0.8431257344300823
0.8712209302325581
0.8020094562647754
0.8449477351916377
0.8327526132404182
0.7925407925407925
0.8566392479435958
0.8302325581395349
0.8185579196217495
0.8026162790697675
0.8220288115246098
0.8508720930232558
0.7807328605200946
0.858451536643026
0.8118247298919566
0.7345238095238096
0.7993939393939393
0.7746768507638073
0.7485311398354877
0.7929171668667467
0.7512254901960784
0.8176538908246226
0.7808460634547592
0.8307200929152148
0.7199883449883451
0.8457696827262046
0.8908246225319394
0.762202380952381
0.8757309941520467
0.7747093023255813
0.8429152148664344
0.8258720930232558
0.7845029239766083
0.829849012775842
0.7651162790697674
0.7964159811985898
0.7140350877192981
0.8297619047619047
0.8988927738927739
0.7673325499412456
0.7847953216374269
0.7807017543859649
0.8029239766081873
0.7893356643356644
0.8375440658049353
0.858451536643026
0.804641598119859
0.8029239766081873
0.7896270396270396
0.809593023255814
0.8301169590643276
0.7533013205282113
0.8562717770034843
0.7656976744186047
0.8919642857142857
0.8764775413711584
0.791812865497076
0.7555816686251468
0.7506002400960384
0.8080720092915216
0.7970035252643948
0.8783783783783784
0.8337209302325582
0.8684668989547036
0.7904761904761904
0.9125
0.808109833971903
0.7845528455284552
0.7983193277310925
0.8423344947735192
0.8607226107226107
0.8077816492450638
0.8504728132387708
0.7426556991774383
0.8651162790697675
0.8451821386603996
0.8237179487179487
0.7970238095238096
0.7946650124069479
0.8239766081871345
0.7938596491228069
0.8067251461988304
0.829849012775842
0.8065134099616857
0.799059929494712
0.664598108747045
0.8346063454759107
0.7872093023255814
0.7964576074332173
0.8542392566782809
0.8290246768507638
0.7656976744186047
0.8205574912891987
0.7824561403508772
0.7848432055749128
0.8106060606060606
0.8211382113821137
0.7880813953488373
0.8508720930232558
0.8142441860465117
0.7943595769682726
0.80906432748538
0.7909883720930233
0.8284883720930233
0.8712209302325581
0.8409883720930232
0.8266317016317016
0.7693889541715628
0.8207990599294948
0.7791116446578631
0.875
0.8089430894308942
0.8375
0.8343125734430082
0.8106060606060606
0.8758720930232557
0.7807781649245065
0.765151515151515
0.8133720930232557
0.8159883720930233
0.7526223776223777
0.8578488372093024
0.8289473684210527
0.786842105263158
0.7709810874704492
0.8276162790697674
0.8148484848484849
0.8106060606060606
0.7892441860465117
0.7733918128654971
0.8464452214452215
0.7855464159811986
0.8669212690951822
0.8251461988304093
0.8220288115246098
0.7405660377358492
0.829849012775842
0.770034843205575
0.8423976608187135
0.7001748251748252
0.8526162790697673
0.8089430894308942
0.8200354609929078
0.7673325499412456
0.8255813953488372
0.8235111662531018
0.7472426470588236
0.8079044117647058
0.7607433217189314
0.8426248548199768
0.8569767441860465
0.7502937720329025
0.8130813953488372
0.7967479674796748
0.828088578088578
0.79732868757259
0.8052325581395349
0.7755581668625149
0.8687572590011614
0.8251572327044024
0.8152680652680652
0.8297619047619047
0.8732517482517482
0.8545296167247387
0.8398809523809524
0.8267441860465117
0.7802325581395348
0.8276162790697674
0.7622093023255814
0.782051282051282
0.8398942420681551
0.8584795321637426
0.9024390243902439
0.7633720930232558
0.8633449883449883
0.8365384615384616
0.8544642857142857
0.8179442508710801
0.8391812865497076
0.7955082742316785
0.7964159811985898
0.8130813953488372
0.7591069330199766
0.7455673758865248
0.7543604651162791
0.7241579558652729
0.7955865272938444
0.8086527293844367
0.8159883720930233
0.8142441860465117
0.8006993006993006
0.8423976608187135
0.7993537015276145
0.7712703962703964
0.7973214285714285
0.7833924349881797
0.8266317016317016
0.7648255813953488
0.7904761904761904
0.8593567251461989
0.8072855464159812
0.7881701631701632
0.8025851938895417
0.8176538908246226
0.8398345153664303
0.7909883720930233
0.7394242068155111
0.8514619883040936
0.7848699763593381
0.8365384615384616
0.8181286549707603
0.8394522144522144
0.8490675990675991
0.8232860520094563
0.7997093023255814
0.874561403508772
0.8815476190476189
0.8078730904817861
0.8618881118881119
0.8126477541371159
0.7608695652173914
0.7683566433566436
0.8092334494773519
0.8625730994152047
0.8505244755244755
0.7403055229142186
0.8284848484848485
0.7847953216374269
0.7005813953488372
0.8229651162790698
0.7819396051103369
0.7811771561771562
0.7872093023255814
0.7969576719576721
0.8095238095238095
0.8642441860465117
0.8651162790697675
0.8039044289044289
0.8045454545454546
0.8152680652680652
0.7611633372502938
0.8350877192982457
0.7866071428571428
0.8263403263403264
0.8836662749706229
0.8449883449883451
0.829849012775842
0.7284278959810875
0.7826340326340325
0.8005813953488372
0.7909883720930233
0.8661440185830429
0.8057491289198607
0.7709810874704492
0.8441520467836258
0.7813588850174217
0.7575030012004802
0.7768912529550827
0.8029239766081873
0.8534883720930233
0.7909883720930233
0.8330429732868757
0.8377039627039627
0.8083623693379792
0.8420441347270615
0.8648018648018647
0.7395104895104896
0.7569686411149827
0.84465737514518
0.7826340326340325
0.7584498834498835
0.8054587688734031
0.8619271445358403
0.7465034965034965
0.8403508771929825
0.8301886792452831
0.7909883720930233
0.8271929824561404
0.8886603995299649
0.7677070828331332
0.8234265734265734
0.8776785714285714
0.8201754385964912
0.7523640661938534
0.791371158392435
0.7677325581395349
0.8401162790697675
0.8187426556991775
0.7833924349881797
0.7907738095238095
0.8484136310223267
0.8672619047619047
0.8128654970760234
0.786842105263158
0.8363372093023256
0.8187426556991775
0.7685830429732868
0.8479020979020979
0.8514619883040936
0.7610336817653891
0.7829024676850763
0.834593023255814
0.7848699763593381
0.7964576074332173
0.756678281068525
0.7630952380952382
0.8247093023255814
0.8684668989547036
0.8573099415204678
0.8445626477541371
0.781068524970964
0.791371158392435
0.7972813238770686
0.7450638792102207
0.8024475524475524
0.8394522144522144
0.7878787878787877
0.829849012775842
0.8362470862470863
0.8291962174940899
0.8258720930232558
0.7784883720930232
0.8149766899766899
0.7729142185663925
0.8431257344300823
0.8130813953488372
0.8034883720930233
0.8017441860465115
0.8046783625730994
0.7880813953488373
0.742797118847539
0.7964159811985898
0.8217261904761903
0.8462209302325582
0.8443670150987225
0.8651162790697675
0.7976608187134503
0.7699764982373677
0.8414634146341464
0.8271929824561404
0.7742316784869976
0.7964159811985898
0.8936046511627908
0.7562056737588652
0.8336309523809523
0.837995337995338
0.7816492450638792
0.7697444831591173
0.8376225490196079
0.7961672473867596
0.7811046511627907
0.7607808857808859
0.8441520467836258
0.8449477351916377
0.8604312354312355
0.782520325203252
0.8736842105263158
0.8383040935672514
0.8796296296296297
0.8089285714285714
0.7644799054373522
0.8819930069930071
0.8005813953488372
0.7845528455284552
0.7459349593495936
0.8179442508710801
0.7398255813953488
0.7560664112388251
0.8185249709639953
0.8122093023255813
0.7827485380116959
0.8133720930232557
0.8324622531939605
0.8169590643274853
0.7429494712103408
0.8312865497076024
0.7418604651162791
0.8152680652680652
0.8092334494773519
0.7996969696969698
0.8223289315726292
0.7892441860465117
0.8060394889663182
0.8067251461988304
0.8219298245614035
0.8545454545454545
0.829849012775842
0.7943595769682726
0.8588709677419355
0.8039044289044289
0.7224264705882353
0.7811771561771562
0.7703252032520326
0.8354651162790697
0.79732868757259
0.8573099415204678
0.8179442508710801
0.7389534883720931
0.7726480836236933
0.8507638072855463
0.8159883720930233
0.8208478513356562
0.8979532163742691
0.7726480836236933
0.8345454545454545
0.8113372093023257
0.8479651162790697
0.7933333333333332
0.7968553459119497
0.9018065268065268
0.7427325581395349
0.8347902097902099
0.8334333733493398
0.8175270108043217
0.8708628841607565
0.7563879210220673
0.8187426556991775
0.763953488372093
0.7418967587034814
0.7298951048951049
0.752046783625731
0.6971544715447155
0.8836662749706229
0.8548484848484849
0.8160987074030552
0.8529411764705883
0.7864219114219114
0.8181818181818181
0.8658392434988178
0.8463356973995272
0.8269682726204465
0.8707107843137255
