0.8802325581395349
0.8830357142857144
0.793154761904762
0.8988304093567252
0.8650744416873448
0.8973214285714286
0.8205357142857143
0.9508720930232559
0.9151162790697673
0.8786549707602339
0.823939393939394
0.8324622531939605
0.8863357843137255
0.8909883720930233
0.8412280701754387
0.8429152148664344
0.8389479905437354
0.8918997668997668
0.8668604651162791
0.8672150411280847
0.8358343337334934
0.8918604651162791
0.8517441860465117
0.834593023255814
0.8427325581395348
0.8453216374269006
0.9010047281323876
0.8675958188153311
0.8845454545454545
0.8552325581395349
0.8784883720930234
0.8754406580493537
0.7996969696969698
0.8918128654970761
0.8592831962397179
0.8959064327485381
0.8517369727047147
0.879079254079254
0.8313008130081301
0.854360465116279
0.8973325062034739
0.8559814169570267
0.9042553191489362
0.9274475524475524
0.8302325581395349
0.893859649122807
0.9282810685249709
0.93213866039953
0.8908246225319394
0.8436046511627907
0.8036130536130537
0.9517441860465117
0.9030197444831589
0.8659883720930233
0.8883720930232558
0.9010047281323876
0.8619271445358403
0.7997076023391813
0.9116071428571428
0.9294947121034078
0.8391812865497076
0.771486643437863
0.8918604651162791
0.8725029377203289
0.7926900584795322
0.8563454759106933
0.8695906432748538
0.9277003484320557
0.8634751773049645
0.9431818181818181
0.8194767441860464
0.8595930232558139
0.8652460984393756
0.8698589894242068
0.8776162790697674
0.8589894242068156
0.8232142857142857
0.889766081871345
0.8431257344300823
0.8237179487179487
0.8556910569105691
0.8139393939393939
0.8230994152046783
0.8062500000000001
0.8993939393939394
0.885654261704682
0.8916957026713123
0.8074912891986061
0.851950354609929
0.7995337995337995
0.8578488372093024
0.8128654970760234
0.9150660264105641
0.8914053426248547
0.844988344988345
0.8551488833746897
0.9070175438596492
0.854360465116279
0.8962703962703964
0.9268292682926829
0.8776223776223776
0.8453216374269006
0.9089285714285714
0.8324468085106382
0.8159883720930233
0.812797619047619
0.9509456264775413
0.8398942420681551
0.804641598119859
0.8584795321637426
0.8793604651162791
0.9083924349881796
0.9409883720930232
0.8916957026713123
0.8684668989547036
0.8681765389082462
0.9231678486997636
0.8911149825783972
0.9076340326340325
0.8203488372093024
0.8918604651162791
0.8802325581395348
0.8021561771561772
0.8933566433566434
0.8732269503546098
0.907755581668625
0.8090418353576249
0.9401785714285714
0.8144208037825059
0.8848484848484849
0.889766081871345
0.8154761904761905
0.8695906432748538
0.9023809523809524
0.8789198606271776
0.9508720930232558
0.7433333333333334
0.8578488372093024
0.8616333725029377
0.887719298245614
0.8458436724565757
0.882748538011696
0.8773640661938534
0.8428319623971797
0.8673054587688733
0.8869047619047619
0.8193452380952381
0.8436046511627906
0.8660714285714286
0.8193452380952381
0.9049707602339181
0.8551103368176538
0.8757309941520467
0.8560517038777908
0.8194767441860465
0.8251461988304093
0.8454759106933021
0.8321678321678321
0.8559814169570268
0.8911149825783972
0.8678861788617888
0.9197303921568627
0.8538415366146458
0.907755581668625
0.7947154471544715
0.9049707602339181
0.8109243697478992
0.8675958188153311
0.9160818713450292
0.8766081871345028
0.8668604651162791
0.8869047619047619
0.8880023640661938
0.8727967097532316
0.8595238095238096
0.8336309523809523
0.8695906432748538
0.7962209302325581
0.8177325581395348
0.8434959349593496
0.8796969696969698
0.8764775413711584
0.9274099883855981
0.9402680652680652
0.9276162790697675
0.8358343337334934
0.8927325581395349
0.8592831962397179
0.8803716608594656
0.8573099415204678
0.8473684210526317
0.8505244755244755
0.9302325581395349
0.8916957026713123
0.8616333725029377
0.9018065268065268
0.9294947121034078
0.8301169590643276
0.874379652605459
0.7349012775842044
0.8828488372093024
0.8869047619047619
0.8569767441860465
0.7662529550827423
0.8684668989547036
0.8190909090909092
0.8959064327485381
0.874249699879952
0.8284883720930233
0.8988304093567252
0.8554006968641116
0.8690909090909091
0.8789198606271776
0.7937062937062936
0.8856725146198831
0.8263807285546416
0.8350815850815851
0.9222813238770685
0.8986406619385343
0.8745454545454545
0.8634502923976608
0.8562717770034843
0.8436046511627906
0.8819930069930071
0.8464285714285714
0.8668604651162791
0.7941347270615563
0.9050595238095238
0.9036004645760742
0.8190058479532163
0.8805361305361306
0.8551103368176538
0.8691724941724942
0.8505402160864346
0.8911149825783972
0.887719298245614
0.8953900709219859
0.8144208037825059
0.8078947368421052
0.9052325581395347
0.8167848699763594
0.8607142857142857
0.8670150987224158
0.8633449883449883
0.8633449883449883
0.8908188585607942
0.9033101045296167
0.8324622531939605
0.9027293844367015
0.8764880952380952
0.781578947368421
0.9096969696969698
0.8523391812865496
0.8342105263157895
0.86875
0.8005583126550868
0.8792102206736353
0.8592657342657343
0.8842261904761903
0.8130252100840336
0.8697478991596639
0.9023809523809524
0.8270833333333334
0.8786549707602339
0.8548199767711964
0.8773640661938534
0.889766081871345
0.8552325581395348
0.868547418967587
0.8432055749128919
0.8481198589894242
0.8336309523809523
0.8670150987224158
0.7834900117508813
0.8904428904428905
0.8757309941520467
0.8751468860164512
0.8819767441860465
0.8481198589894242
0.8677156177156178
0.9146270396270396
0.8550420168067226
0.9508720930232558
0.8307109557109558
0.9383040935672515
0.8948135198135198
0.8658392434988178
0.8111702127659575
0.8918128654970761
0.8828488372093024
0.8732517482517482
0.8429152148664344
0.8936046511627908
0.8426248548199768
0.8560874704491725
0.89015606242497
0.8979532163742691
0.7866430260047281
0.9130434782608696
0.8556910569105691
0.851950354609929
0.9148484848484848
0.8507638072855463
0.9279907084785133
0.8551103368176538
0.859338061465721
0.7937062937062936
0.8797909407665505
0.8971797884841363
0.8738095238095238
0.8695906432748538
0.925990675990676
0.8461988304093567
0.9212690951821386
0.9159811985898942
0.8649425287356322
0.8022914218566393
0.9155052264808362
0.8493397358943577
0.8595238095238096
0.8074912891986061
0.8339393939393939
0.8936046511627908
0.8803571428571428
0.9267441860465117
0.9336309523809524
0.8186046511627907
0.9003601440576231
0.8554006968641115
0.8834498834498834
0.9431818181818181
0.8548199767711964
0.876608187134503
0.9155052264808362
0.8909883720930233
0.7753496503496503
0.8691724941724942
0.8495862884160756
0.8119883040935673
0.8461538461538461
0.9251461988304095
0.8948135198135199
0.8659883720930233
0.8350815850815851
0.8534382284382284
0.824404761904762
0.9148484848484848
0.8860164512338427
0.9155052264808362
0.9043604651162791
0.9289044289044289
0.8436046511627906
0.9048484848484848
0.7947154471544715
0.9401858304297328
0.8304297328687573
0.880701754385965
0.884453781512605
0.8324622531939605
0.9041811846689896
0.926418439716312
0.9284883720930232
0.894657863145258
0.8916957026713124
0.8673054587688734
0.8648018648018647
0.9282810685249709
0.8942420681551115
0.8493397358943577
0.8787515006002401
0.8337209302325582
0.8791666666666668
0.8918128654970761
0.8659883720930233
0.8953900709219859
0.8819930069930071
0.9023809523809524
0.8199767711962833
0.8319767441860465
0.8523391812865496
0.7473404255319149
0.8948135198135198
0.880701754385965
0.879951980792317
0.8177325581395348
0.8806146572104019
0.8537015276145711
0.8568524970963995
0.8712209302325581
0.8913630229419705
0.887719298245614
0.9033101045296167
0.8908246225319394
0.87862950058072
0.8776223776223776
0.7967836257309943
0.8564327485380118
0.8664465786314525
0.8787515006002401
0.9099415204678362
0.8482456140350877
0.8928571428571428
0.8182346109175378
0.854360465116279
0.8493939393939393
0.8648018648018647
0.8732269503546098
0.8293939393939394
0.8435314685314685
0.818815331010453
0.9509456264775413
0.903019744483159
0.8863102232667449
0.9163763066202091
0.823939393939394
0.8517857142857141
0.8052325581395349
0.8675958188153311
0.8564327485380118
0.829360465116279
0.8916957026713123
0.8448379351740697
0.8462209302325582
0.8241725768321514
0.8944767441860466
0.8244297719087634
0.8401162790697675
0.8313008130081301
0.8741134751773051
0.8836257309941521
0.8102232667450058
0.8607226107226107
0.7995198079231692
0.8916957026713123
0.9277003484320557
0.8915981198589894
0.8998237367802586
0.8371345029239766
0.8792102206736353
0.8532475490196079
0.8290246768507638
0.9284883720930232
0.9398954703832753
0.8350815850815851
0.8302325581395349
0.9083924349881796
0.8645710928319624
0.854360465116279
0.8559814169570268
0.8780846063454759
0.8560874704491725
0.8310104529616725
0.8569767441860465
0.8691724941724942
0.9261786600496278
0.8448379351740697
0.7745614035087719
0.8716374269005848
0.8566392479435958
0.8953900709219859
0.8517857142857141
0.8434959349593496
0.9142441860465117
0.8452380952380953
0.882748538011696
0.9159883720930232
0.9043604651162791
0.8652460984393756
0.8328488372093024
0.8672150411280847
0.8712209302325581
0.87862950058072
0.8691724941724942
0.9401858304297328
0.8559814169570268
0.8871158392434988
0.8464452214452215
0.9052325581395347
0.8193960511033681
0.8140350877192983
0.8677156177156178
0.8473684210526317
0.8786549707602339
0.9049707602339181
0.9517441860465117
0.8922764227642277
0.8889541715628673
0.8691724941724942
0.818815331010453
0.8191056910569106
0.8490675990675991
0.8889541715628673
0.8319623971797885
0.7927325581395349
0.8922764227642277
0.9178921568627452
0.8752976190476189
0.8716475095785441
0.8678861788617888
0.9052325581395347
0.8561046511627908
0.8595238095238096
0.807033096926714
0.8584795321637426
0.8776162790697674
0.8688725490196079
0.8565621370499418
0.8135198135198135
0.8903664302600472
0.7802325581395348
0.7779111644657863
0.8552325581395349
0.8196864111498257
0.9222813238770685
0.8936046511627908
0.8356973995271867
0.8569767441860465
0.9166666666666667
0.880701754385965
0.8159883720930233
0.7683002481389578
0.8805361305361306
0.9362573099415205
0.8944767441860466
0.8321678321678322
0.8239766081871345
0.9292397660818714
0.8046690307328604
0.8534883720930233
0.854360465116279
0.8847953216374269
0.8491071428571428
0.8863102232667449
0.8933566433566434
0.8337209302325582
0.9034883720930232
0.8805361305361306
0.8633449883449883
0.8130252100840336
0.8806620209059233
0.8792102206736353
0.8726190476190476
0.9051418439716312
0.8968860164512339
0.886842105263158
0.8767441860465117
0.8861635220125786
0.8061465721040189
0.8136363636363637
0.842074592074592
0.8773640661938534
0.8677156177156178
0.8694767441860467
0.8754406580493537
0.8393939393939394
0.8792102206736353
0.8884803921568627
0.9242068155111633
0.9157801418439716
0.8732269503546098
0.8383040935672514
0.8911149825783972
0.8260233918128654
0.8754406580493537
0.9034883720930231
0.8590686274509804
0.8403361344537814
0.8552009456264775
0.9080493537015275
0.9177325581395348
0.9010047281323876
0.8800813008130083
0.9277003484320558
0.9047202797202797
0.9242068155111633
0.8061046511627905
0.9051418439716311
0.8892441860465117
0.8289315726290516
0.9034883720930232
0.859338061465721
0.8945035460992908
0.8889555822328932
0.8425595238095238
0.829090909090909
0.7911280846063455
0.8701527614571093
0.879951980792317
0.8492647058823529
0.9033101045296167
0.8510575793184489
0.89198606271777
0.8493589743589743
0.8428319623971797
0.890534262485482
0.8023809523809524
0.9181286549707602
0.8569767441860465
0.8675958188153311
0.8668604651162791
0.8675438596491228
0.9274099883855981
0.8052325581395349
0.8780846063454759
0.8605263157894737
0.8517857142857144
0.8648018648018647
0.8213866039952997
0.773684210526316
0.9049707602339181
0.8342105263157895
0.8178904428904429
0.880728554641598
0.8274231678486996
0.8860164512338427
0.8271929824561404
0.857808857808858
0.8561046511627908
0.8301169590643276
0.8754501800720289
0.8554006968641116
0.872093023255814
0.9440476190476189
0.8413120567375886
0.9090643274853801
0.8454759106933021
0.7881152460984393
0.8202671312427411
0.8645710928319623
0.9242068155111633
0.8561046511627908
0.8795005807200929
0.8101190476190475
0.8793604651162791
0.8809067688378034
0.8074912891986061
0.9048619447779113
0.8670150987224158
0.9047202797202797
0.8429152148664344
0.926418439716312
0.7696827262044654
0.916860465116279
0.8860164512338427
0.842074592074592
0.8556547619047619
0.8843052109181142
0.8017543859649123
0.8605263157894737
0.9140350877192983
0.8554006968641115
0.848978288633461
0.9103995299647474
0.866725768321513
0.8780846063454759
0.8229651162790698
0.8443670150987225
0.9149245063879209
0.8563454759106933
0.9052325581395347
0.84465737514518
0.9029239766081871
0.8443670150987225
0.8277972027972028
0.8440766550522648
0.9043604651162791
0.8668604651162791
0.8409883720930232
0.8915981198589894
0.8494152046783625
0.8427325581395348
0.8302325581395349
0.8337209302325582
0.8892441860465117
0.8962703962703964
0.8102232667450058
0.8372502937720329
0.8211284513805521
0.9189976689976691
0.903890824622532
0.9026162790697674
0.9103995299647474
0.8648018648018647
0.9267441860465117
0.9271196283391405
0.8648018648018647
0.8892441860465117
0.8784883720930234
0.8464452214452215
0.9017441860465115
0.876608187134503
0.893859649122807
0.7963947990543735
0.8909883720930233
0.9
0.8149766899766899
0.7901162790697673
0.8523391812865496
0.8805361305361306
0.8128672150411281
0.8290246768507638
0.8786549707602339
0.8289315726290516
0.8716981132075472
0.8429152148664344
0.8548199767711964
0.893859649122807
0.8904428904428905
0.8802325581395348
0.8803716608594656
0.866725768321513
0.9051116333725029
0.8703488372093023
0.8650744416873448
0.8590686274509804
0.9197303921568627
0.832171893147503
0.8673054587688733
0.8578488372093024
0.8507638072855463
0.8918604651162791
0.8199767711962833
0.9189976689976691
0.8681765389082462
0.8444767441860466
0.9051116333725029
0.9279907084785133
0.8839622641509434
0.8918997668997668
0.7672619047619047
0.8747086247086246
0.8673054587688733
0.90625
0.9267441860465117
0.8436046511627906
0.8776162790697674
0.8677325581395349
0.8846153846153846
0.8616333725029377
0.8453216374269006
0.9155052264808362
0.9133720930232558
0.9003496503496505
0.9189976689976691
0.9154761904761903
0.8911149825783972
0.8432748538011696
0.8167848699763594
0.8560517038777908
0.8927325581395349
0.880728554641598
0.8560874704491725
0.8034883720930233
0.8432055749128919
0.8072009291521487
0.8440766550522648
0.8311046511627906
0.9043604651162791
0.8120629370629372
0.8918128654970761
0.8754406580493537
0.8251748251748253
0.8089285714285714
0.8111702127659575
0.9047202797202797
0.8561046511627908
0.838690476190476
0.8543859649122807
0.8968860164512339
0.8563519813519813
0.8754406580493537
0.9030197444831589
0.8921394799054374
0.8642441860465117
0.7993537015276145
0.8736842105263158
0.8625886524822695
0.7980769230769231
0.8078947368421052
0.8819930069930071
0.8790792540792541
0.8306737588652482
0.8569767441860465
0.887719298245614
0.8738095238095238
0.7696827262044654
0.9018065268065268
0.859338061465721
0.8804347826086957
0.8819930069930071
0.8681765389082462
0.9119883040935673
0.8534382284382284
0.8240305522914217
0.8336363636363636
0.8918128654970761
0.7712209302325582
0.8686046511627907
0.8432055749128919
0.9061771561771562
0.8470930232558138
0.8167989417989417
0.9285714285714286
0.8642441860465117
0.8552325581395349
0.857808857808858
0.9045454545454544
0.8933566433566434
0.8860164512338427
0.9292397660818713
0.799702380952381
0.8534382284382284
0.8592831962397179
0.8904428904428905
0.8908246225319394
0.8625886524822695
0.8449883449883451
0.8436046511627907
0.8284883720930233
0.9030197444831589
0.8434959349593496
0.8699763593380613
0.8634502923976608
0.7822299651567944
0.774609843937575
0.8806146572104019
0.8605263157894737
0.8561046511627907
0.8534883720930233
0.8565621370499418
0.9388111888111889
0.8432055749128919
0.9036004645760742
0.8263403263403264
0.7438811188811189
0.8673054587688733
0.8803716608594656
0.8849067599067598
0.8948135198135198
0.9157955865272938
0.8780846063454759
0.8790792540792541
0.8766081871345028
0.9245283018867925
0.8659883720930233
0.8453216374269006
0.9538777908343128
0.8505402160864345
0.8918997668997668
0.8842261904761903
0.8564327485380118
0.8356973995271867
0.859338061465721
0.8043604651162791
0.8651162790697675
0.9242068155111633
0.8699763593380614
0.8869047619047619
0.8022914218566393
0.8348214285714286
0.8391812865497076
0.8959064327485381
0.8819767441860465
0.8213866039952997
0.8179442508710801
0.857808857808858
0.8564327485380118
0.8675958188153311
0.8725029377203289
0.8686046511627907
0.8274231678486996
0.8678861788617888
0.8426248548199768
0.812797619047619
0.8828488372093024
0.9044715447154472
0.876608187134503
0.8977541371158392
0.9149245063879209
0.8658392434988178
0.7866430260047281
0.8551103368176538
0.8805361305361306
0.8834498834498834
0.8435314685314685
0.8914053426248547
0.8648018648018647
0.9092789598108748
0.8784883720930234
0.9026162790697674
0.8805361305361304
0.8592831962397179
0.9268507638072856
0.8569767441860465
0.8909883720930233
0.8767441860465117
0.8523391812865496
0.8802325581395349
0.8187274909963985
0.8155111633372503
0.9297619047619047
0.8811046511627908
0.9152148664343785
0.8776162790697674
0.7845029239766083
0.8537015276145711
0.8908246225319394
0.8564327485380118
0.8625886524822695
0.8237367802585195
0.8802325581395349
0.9051418439716312
0.8193452380952381
0.8889860139860138
0.8432055749128919
0.8307200929152148
0.7496936274509804
0.8077816492450638
0.8526162790697673
0.7779720279720279
0.887719298245614
0.8922764227642277
0.9501748251748252
0.8315911730545876
0.882748538011696
0.8959064327485381
0.8636653895274584
0.8050595238095238
0.8806146572104019
0.8691724941724942
0.8561046511627908
0.8559814169570268
0.8678861788617886
0.8795005807200929
0.797093023255814
0.7985312899106003
0.9279907084785133
0.8918604651162791
0.8251461988304093
0.8767441860465117
0.8922764227642277
0.8675438596491228
0.8616333725029377
0.886842105263158
0.8561046511627907
0.8691724941724942
0.8565621370499418
0.8948484848484848
0.9297719087635055
0.7936046511627907
0.9033101045296167
0.9140350877192983
0.8301169590643276
0.8996969696969697
0.8792102206736353
0.8915981198589894
0.8781017369727047
0.8691724941724942
0.8045343137254902
0.8237179487179487
0.7836817653890824
0.8811046511627908
0.9160859465737514
0.891812865497076
0.8307200929152148
0.7962209302325581
0.8434959349593496
0.8534077555816687
0.9026162790697674
0.8800813008130083
0.8543859649122807
0.8080720092915216
0.8545454545454545
0.9151162790697673
0.8802325581395349
0.8236363636363636
0.8084905660377358
0.9160839160839161
0.7703488372093024
0.842074592074592
0.8595438175270108
0.8346338535414166
0.8773640661938534
0.8539488966318235
0.913337250293772
0.8319767441860465
0.8505402160864346
0.8321678321678322
0.9119883040935672
0.8678861788617886
0.8998237367802586
0.9245454545454544
0.8998237367802586
0.9705882352941176
0.8519813519813519
0.9047202797202797
0.8838652482269502
0.8495862884160756
0.8780846063454759
0.814031862745098
