0.7595930232558139
0.7711309523809524
0.7255952380952382
0.6935672514619883
0.7009925558312655
0.7464285714285714
0.7568452380952382
0.854360465116279
0.7479651162790697
0.5672514619883041
0.7236363636363636
0.7952961672473868
0.7377450980392157
0.651453488372093
0.7502923976608188
0.7343205574912892
0.7293144208037825
0.6940559440559441
0.7212209302325582
0.7831962397179788
0.7701080432172869
0.7462209302325581
0.7087209302325581
0.7962209302325581
0.7828488372093023
0.6532163742690058
0.7432033096926715
0.7113821138211381
0.8648484848484849
0.7229651162790698
0.7337209302325581
0.7561692126909518
0.7336363636363636
0.783625730994152
0.8075793184488838
0.7128654970760234
0.7366625310173697
0.7467948717948718
0.7581300813008129
0.8311046511627906
0.7202233250620348
0.7476771196283392
0.739066193853428
0.7837995337995338
0.7569767441860465
0.7573099415204679
0.7346109175377468
0.8534077555816687
0.7706155632984901
0.6630813953488373
0.7284382284382285
0.7703488372093024
0.7212543554006969
0.7811046511627907
0.6462209302325581
0.7570921985815603
0.7426556991774383
0.6845029239766083
0.7633928571428572
0.818448883666275
0.8301169590643276
0.7232868757259001
0.791860465116279
0.7452996474735606
0.7593567251461988
0.7100470035252644
0.8473684210526317
0.6869918699186993
0.7547281323877068
0.7610722610722611
0.734593023255814
0.7738372093023255
0.8154261704681873
0.7805522914218567
0.7212209302325582
0.8754406580493537
0.7568452380952382
0.656140350877193
0.7264982373678026
0.7368881118881119
0.6750871080139372
0.7236363636363636
0.7309941520467835
0.6696428571428572
0.7236363636363636
0.67046818727491
0.7465156794425086
0.6986062717770035
0.79225768321513
0.6544289044289044
0.7962209302325581
0.8350877192982457
0.7926170468187275
0.6991869918699187
0.6287878787878787
0.6076302729528535
0.8321637426900584
0.7837209302325583
0.8065268065268066
0.7697444831591173
0.7083333333333334
0.6915204678362573
0.8375
0.8250591016548463
0.7453488372093022
0.742559523809524
0.7579787234042553
0.690951821386604
0.7667450058754407
0.7856725146198831
0.7819767441860466
0.8176713947990544
0.7953488372093024
0.7706155632984901
0.7842624854819977
0.7711962833914053
0.7408392434988179
0.7711962833914053
0.7482517482517482
0.7453488372093023
0.747093023255814
0.7595930232558139
0.7281468531468532
0.7610722610722611
0.7816193853427896
0.7696827262044654
0.7442645074224021
0.781547619047619
0.7857565011820331
0.733939393939394
0.8473684210526318
0.7711309523809524
0.7511695906432749
0.793154761904762
0.747096399535424
0.8186046511627907
0.6827272727272727
0.6363372093023255
0.750587544065805
0.7967836257309943
0.7655086848635236
0.7280701754385964
0.7473404255319149
0.7643948296122208
0.7711962833914053
0.6761904761904763
0.6657738095238095
0.7587209302325583
0.7568452380952382
0.7529761904761905
0.8412280701754387
0.7218350754936121
0.7614035087719299
0.8346063454759107
0.6854651162790698
0.6865497076023392
0.7588131609870741
0.7837995337995337
0.7836817653890824
0.8193960511033681
0.6872822299651568
0.7886029411764706
0.7304921968787514
0.8075793184488836
0.7108013937282229
0.7461988304093568
0.6998799519807922
0.7360627177700348
0.8321637426900584
0.7663742690058479
0.7712209302325582
0.8139880952380952
0.7718676122931442
0.7156286721504114
0.8062500000000001
0.74375
0.7564327485380117
0.7122093023255814
0.6755813953488372
0.7351916376306621
0.6636363636363637
0.739952718676123
0.7119628339140535
0.7226107226107226
0.663953488372093
0.6545618247298921
0.7613372093023255
0.7479435957696827
0.7839721254355401
0.7067251461988304
0.7461988304093568
0.6515151515151515
0.8337209302325582
0.7709059233449478
0.7588131609870741
0.8406177156177156
0.8237367802585195
0.7087719298245615
0.6879652605459058
0.7096399535423926
0.7595930232558139
0.7958333333333334
0.747093023255814
0.6713947990543735
0.7958768873403019
0.6178787878787878
0.7391812865497076
0.7337935174069629
0.6863372093023257
0.7593567251461988
0.7468060394889663
0.7287878787878788
0.7108013937282229
0.7083333333333334
0.7178362573099415
0.690951821386604
0.6998834498834499
0.7177895981087471
0.8421985815602837
0.6884848484848486
0.7967836257309943
0.7113821138211381
0.7604651162790698
0.7581585081585082
0.7788690476190475
0.772093023255814
0.7706155632984901
0.768452380952381
0.7227061556329849
0.7988304093567251
0.7112470862470862
0.8196864111498257
0.6856060606060607
0.7983193277310925
0.7822299651567943
0.7350877192982457
0.7440898345153665
0.6876477541371159
0.7260233918128656
0.7462209302325581
0.7783687943262412
0.7360119047619047
0.7227061556329849
0.7112470862470863
0.7453379953379954
0.7686104218362282
0.7351916376306621
0.748548199767712
0.686411149825784
0.7919642857142857
0.7371345029239766
0.7836363636363637
0.666374269005848
0.6713450292397661
0.7113095238095237
0.6913771712158809
0.7836817653890824
0.7027972027972027
0.8348214285714286
0.7100840336134453
0.7599039615846338
0.7229166666666668
0.6904761904761905
0.6956140350877195
0.7950058072009292
0.7686170212765958
0.7573099415204678
0.7712209302325582
0.7938175270108043
0.7224157955865274
0.7397179788484136
0.7491071428571429
0.7343205574912891
0.7126909518213866
0.8193473193473194
0.677485380116959
0.7209165687426556
0.7712209302325582
0.8102232667450058
0.7097902097902098
0.780885780885781
0.6794717887154861
0.7712209302325582
0.733974358974359
0.7321637426900585
0.7768065268065267
0.7816193853427896
0.7686170212765957
0.7614035087719299
0.7497093023255813
0.7083333333333334
0.7218350754936121
0.747093023255814
0.660569105691057
0.740839243498818
0.7247899159663866
0.781578947368421
0.6950354609929079
0.8263807285546416
0.7105110336817654
0.7408392434988179
0.749090909090909
0.7861339600470034
0.7598722415795587
0.7346109175377468
0.6182033096926715
0.7567016317016317
0.7349012775842044
0.7452996474735606
0.7255952380952382
0.7280701754385964
0.7823426573426573
0.7219298245614035
0.7479435957696827
0.7670387779083432
0.7126436781609196
0.6556991774383079
0.8066202090592335
0.680672268907563
0.7151785714285714
0.698896631823461
0.7384848484848485
0.6488372093023256
0.7151785714285714
0.7328488372093023
0.8309523809523809
0.7104651162790697
0.7427971188475391
0.7465156794425086
0.7794289044289044
0.8607226107226107
0.8307200929152148
0.7614035087719299
0.8066202090592335
0.7936046511627907
0.7625291375291375
0.7368881118881119
0.6418439716312055
0.6865497076023392
0.7893356643356644
0.7926900584795322
0.7625291375291375
0.7005813953488372
0.6130536130536131
0.6896853146853146
0.7062499999999999
0.7639393939393939
0.7341363102232668
0.7703252032520326
0.7595930232558139
0.7966200466200466
0.7561046511627907
0.793939393939394
0.7238675958188153
0.7590011614401858
0.614692218350755
0.7219298245614035
0.78031212484994
0.7473867595818816
0.7232868757259001
0.7760047281323877
0.866860465116279
0.784813925570228
0.7955865272938444
0.747096399535424
0.731060606060606
0.8074912891986061
0.7614571092831962
0.7304921968787514
0.7836134453781514
0.7729651162790697
0.7178571428571429
0.8342105263157895
0.8069767441860465
0.6247044917257684
0.7852564102564102
0.7294642857142857
0.6872822299651568
0.7014534883720931
0.7280701754385964
0.6770094562647753
0.7240675990675991
0.8412280701754387
0.7496998799519807
0.709593023255814
0.7195626477541371
0.7264982373678026
0.7232868757259001
0.7569767441860465
0.8458164642375168
0.8453216374269006
0.747096399535424
0.7102206736353078
0.6387921022067364
0.7552447552447552
0.7482456140350877
0.7441520467836257
0.8301320528211285
0.8130252100840336
0.7795321637426901
0.7350877192982457
0.8208478513356562
0.7227061556329849
0.7819767441860466
0.6633333333333334
0.7823426573426573
0.7228132387706855
0.7836363636363636
0.7438811188811189
0.7465156794425086
0.7440898345153665
0.7709059233449477
0.7021151586368978
0.7717770034843207
0.7639393939393939
0.7139880952380953
0.6747093023255815
0.7711962833914053
0.8149122807017545
0.7453488372093022
0.6980255516840883
0.754201680672269
0.6165697674418605
0.7783687943262412
0.7087209302325581
0.6602641056422569
0.7444767441860465
0.6986062717770035
0.7653664302600474
0.7421052631578947
0.6747943595769682
0.7211538461538461
0.7701080432172869
0.6382113821138213
0.8315911730545876
0.8915981198589894
0.7532314923619272
0.7309941520467835
0.7584204413472706
0.7613357843137255
0.7614571092831962
0.7837209302325583
0.783391405342625
0.7354312354312355
0.7694767441860465
0.7538416075650118
0.6883078730904817
0.7819767441860466
0.7346109175377468
0.7397179788484136
0.7931442080378251
0.6971544715447155
0.8203488372093024
0.7724358974358974
0.7040942928039703
0.6953781512605043
0.7573099415204679
0.7897660818713451
0.7861339600470034
0.7833924349881797
0.6943452380952382
0.7955865272938444
0.7354651162790697
0.74375
0.7997076023391813
0.8194767441860465
0.7837209302325583
0.680672268907563
0.7238372093023256
0.6991774383078732
0.7648255813953488
0.6861207897793264
0.8164335664335665
0.7125435540069687
0.7479674796747966
0.7931442080378251
0.7141608391608392
0.8194767441860465
0.7229965156794426
0.7391812865497076
0.6002331002331002
0.8099415204678362
0.7725146198830409
0.7967836257309941
0.6997093023255814
0.6986062717770034
0.6938895417156287
0.7255244755244754
0.7346109175377468
0.6869918699186993
0.6896853146853146
0.7126909518213865
0.6800822561692128
0.7444767441860465
0.7598722415795587
0.6890318627450981
0.7568452380952382
0.7761813537675607
0.8313008130081301
0.7953488372093024
0.7703488372093024
0.7178571428571429
0.7130614657210401
0.7614035087719299
0.8052325581395349
0.7123161764705883
0.7720673635307782
0.6870629370629371
0.7792553191489362
0.6837209302325581
0.6578631452581032
0.7238372093023255
0.7227061556329849
0.7890070921985817
0.6988372093023255
0.8176713947990544
0.7488372093023256
0.737202380952381
0.7926900584795321
0.709593023255814
0.7332506203473945
0.7596153846153846
0.8190058479532164
0.7462209302325581
0.7951631701631702
0.7573099415204678
0.8190058479532163
0.7334515366430261
0.747093023255814
0.7444767441860465
0.7725146198830409
0.668452380952381
0.7182726204465336
0.7695221445221445
0.8311046511627906
0.7578488372093023
0.7226107226107226
0.7467948717948718
0.7836134453781514
0.7601626016260162
0.7592915214866436
0.7464285714285714
0.859338061465721
0.7426556991774382
0.7745614035087719
0.6828488372093022
0.7962264150943397
0.7816193853427896
0.7436363636363637
0.7680652680652681
0.6852836879432624
0.7937062937062936
0.6630813953488373
0.7940658049353702
0.6881818181818181
0.7462253193960511
0.782781862745098
0.7643948296122208
0.7154255319148936
0.7890070921985817
0.7704678362573099
0.7349012775842044
0.7461988304093568
0.7670387779083432
0.797093023255814
0.7475490196078431
0.754201680672269
0.7367021276595744
0.7805522914218567
0.7613372093023255
0.6312056737588654
0.6385017421602787
0.7587108013937282
0.7226107226107226
0.7967097532314925
0.6755813953488372
0.7047872340425532
0.7694767441860465
0.7632052821128451
0.772093023255814
0.6524822695035463
0.8389479905437354
0.7088835534213684
0.768452380952381
0.7739393939393939
0.6800822561692128
0.8102232667450058
0.7611044417767108
0.7025122549019608
0.8191056910569106
0.6938895417156287
0.7241579558652729
0.6756993006993006
0.7831962397179788
0.8304297328687573
0.6723214285714285
0.7704678362573099
0.8087209302325582
0.7473867595818815
0.7462209302325582
0.7149122807017545
0.7836817653890824
0.6962209302325582
0.7696827262044654
0.7543859649122806
0.6723214285714285
0.7823426573426573
0.7752643948296122
0.6643274853801169
0.7350877192982457
0.7614035087719299
0.80506993006993
0.777614571092832
0.8389479905437354
0.7831962397179788
0.7634502923976608
0.7907925407925408
0.747093023255814
0.7482456140350877
0.78031212484994
0.6626016260162602
0.7005813953488372
0.824404761904762
0.6459810874704492
0.7350877192982457
0.7182726204465335
0.7112845138055222
0.686411149825784
0.7182726204465336
0.7670387779083432
0.7863372093023255
0.6997677119628339
0.7491071428571429
0.7604651162790698
0.7946998722860792
0.7590011614401858
0.7656062424969988
0.6986062717770035
0.7596153846153846
0.7825203252032521
0.6876477541371158
0.7423619271445359
0.8069767441860465
0.7723266745005876
0.7951631701631702
0.7568452380952382
0.765198511166253
0.6885964912280703
0.7766081871345029
0.7573099415204678
0.7363530778164924
0.7749042145593869
0.7097532314923619
0.6737588652482271
0.7641010575793185
0.6880813953488372
0.6872822299651568
0.6747967479674799
0.7614571092831962
0.7505813953488373
0.8080720092915216
0.7219298245614035
0.7964576074332173
0.6797785547785548
0.6504065040650406
0.6863372093023256
0.6970930232558139
0.6703488372093024
0.8319623971797885
0.7412280701754385
0.8087209302325582
0.6953488372093023
0.6997093023255813
0.7828488372093023
0.7398018648018648
0.7749706227967097
0.7532314923619271
0.7554021608643458
0.7255244755244754
0.8673054587688734
0.7462209302325582
0.6665687426556991
0.7112470862470863
0.734593023255814
0.7952961672473868
0.7823426573426573
0.8302325581395349
0.7703488372093024
0.780885780885781
0.8168604651162791
0.6885964912280703
0.7634502923976608
0.7089243498817966
0.7328488372093023
0.7742424242424242
0.7922494172494172
0.6139534883720931
0.8038011695906433
0.780885780885781
0.7588131609870741
0.7535252643948295
0.8280701754385965
0.7599039615846338
0.7650943396226416
0.8069105691056911
0.758130081300813
0.7877192982456139
0.7966200466200466
0.7604651162790698
0.8443670150987225
0.7440898345153665
0.7993537015276145
0.6755813953488372
0.7683002481389578
0.6516544117647058
0.7965686274509803
0.6875725900116144
0.7235772357723578
0.7712209302325582
0.7426556991774382
0.8311046511627906
0.7468060394889663
0.7354312354312355
0.7952961672473868
0.7203488372093023
0.7370740305522916
0.7947154471544715
0.7273584905660377
0.6756993006993006
0.6904761904761906
0.7182400932400932
0.6872822299651568
0.7672619047619047
0.8052325581395349
0.6837209302325582
0.7212209302325582
0.7863372093023255
0.6955128205128206
0.7291421856639249
0.7461988304093568
0.7229965156794426
0.8186046511627907
0.8490675990675991
0.8123543123543123
0.8491071428571428
0.7459349593495936
0.6865497076023391
0.7783687943262412
0.7370740305522915
0.7712209302325582
0.8293184488836663
0.7751182033096927
0.7319767441860465
0.7465156794425086
0.7590011614401858
0.6867015098722415
0.7229651162790698
0.7595930232558139
0.7054195804195804
0.7745614035087719
0.7779083431257344
0.6885198135198135
0.730952380952381
0.7228132387706856
0.7709790209790209
0.7229651162790698
0.7645833333333333
0.7289473684210527
0.7423619271445357
0.6984265734265734
0.7723266745005876
0.7833914053426249
0.666371158392435
0.7212209302325582
0.6747943595769682
0.7330409356725146
0.7760047281323877
0.7027972027972027
0.7511695906432749
0.7610722610722611
0.7354312354312355
0.8111702127659575
0.7220930232558139
0.7906432748538013
0.8023809523809524
0.7561692126909518
0.7240675990675991
0.7089243498817966
0.7423619271445357
0.7170745920745921
0.6872822299651568
0.7593567251461988
0.80506993006993
0.6830199764982374
0.653030303030303
0.6926900584795322
0.7014534883720931
0.6648255813953489
0.7587108013937283
0.7823426573426573
0.6997093023255813
0.7179232804232805
0.8437862950058073
0.8177325581395348
0.8069767441860465
0.7951631701631702
0.7742424242424242
0.7354312354312355
0.7423619271445357
0.7988304093567251
0.7529761904761905
0.761072261072261
0.7044653349001175
0.8321678321678322
0.7828106852497096
0.7783687943262412
0.7127039627039626
0.709593023255814
0.7113372093023256
0.770034843205575
0.6875725900116143
0.7727541371158393
0.7593567251461988
0.6135307781649245
0.7259903961584634
0.7538416075650118
0.6845029239766083
0.7238372093023255
0.7944767441860465
0.6867015098722415
0.7695221445221445
0.686411149825784
0.7955865272938443
0.7497086247086246
0.6870629370629371
0.5894308943089431
0.747096399535424
0.7511655011655011
0.687062937062937
0.7709059233449478
0.7911280846063455
0.7013403263403264
0.768421052631579
0.8106918238993711
0.7479651162790697
0.7552631578947369
0.8210928319623971
0.7067827130852341
0.7552447552447552
0.7074404761904762
0.7350877192982457
0.8144208037825059
0.7154255319148937
0.6613372093023255
0.7328488372093023
0.7696827262044654
0.7727541371158393
0.7398809523809523
0.7561692126909518
0.7529761904761905
0.658187134502924
0.7593567251461988
0.7595930232558139
0.799647473560517
0.6986062717770035
0.8251748251748253
0.7745614035087719
0.7349012775842044
0.7397179788484136
0.8194767441860465
0.7228132387706855
0.7227061556329849
0.650116144018583
0.6398809523809524
0.7505813953488373
0.7340301974448314
0.8321637426900584
0.7792553191489362
0.7462253193960512
0.7015366430260048
0.6737588652482269
0.6980255516840883
0.8193473193473194
0.7240675990675991
0.7284382284382285
0.6263066202090593
0.7823426573426573
0.7440898345153665
0.7104651162790697
0.8802325581395348
0.761072261072261
0.7238542890716804
0.7614571092831962
0.7703488372093024
0.7087209302325581
0.8061046511627905
0.7128654970760233
0.7578488372093023
0.7439975990396158
0.7805522914218567
0.7529761904761905
0.6997093023255813
0.6986062717770034
0.7595930232558139
0.775438596491228
0.7100470035252644
0.7584204413472706
0.7441520467836257
0.7154255319148937
0.7314923619271445
0.6773255813953488
0.8037825059101655
0.7568452380952382
0.7567016317016317
0.7950058072009292
0.7110917537746806
0.6850490196078431
0.7590011614401858
0.7845930232558139
0.659965034965035
0.7128654970760233
0.7354819976771196
0.7823426573426573
0.7105110336817655
0.7695906432748538
0.7128654970760234
0.7244572158365262
0.7958333333333334
0.7473404255319149
0.8065268065268066
0.7595930232558139
0.7479674796747966
0.8072009291521487
0.7476771196283392
0.6281976744186047
0.6752873563218391
0.759581881533101
0.6514534883720932
0.7078947368421052
0.6880813953488373
0.7955865272938444
0.768421052631579
0.7397179788484136
0.7725146198830409
0.7354651162790697
0.6742424242424243
0.674506387921022
0.819090909090909
0.784813925570228
0.7122093023255813
0.7955865272938443
0.8128654970760234
0.7301169590643274
0.8090909090909091
0.6991869918699187
0.6178025851938895
0.7655086848635236
0.7680652680652682
0.6636029411764706
0.687062937062937
0.6878629500580721
0.7854651162790697
0.7357723577235772
0.7239766081871345
0.6745063879210221
0.7613372093023255
0.7828106852497096
0.723560517038778
0.7337209302325581
0.747096399535424
0.7371345029239768
0.6881533101045296
0.8090909090909091
0.7462209302325581
0.7587209302325582
0.7636363636363637
0.7201257861635221
0.7724358974358974
0.6747093023255815
0.6657925407925409
0.7088835534213684
0.7055822328931574
0.8028959810874705
0.7952961672473868
0.7426556991774383
0.7113372093023256
0.7280912364945978
0.7339743589743589
0.7704678362573099
0.7828106852497096
0.6938895417156287
0.7736363636363636
0.826674500587544
0.7867647058823529
0.7226107226107227
0.6885198135198135
0.7612293144208039
0.7718676122931442
0.7071092831962398
0.6770833333333333
