0.8686046511627907
0.862202380952381
0.7892857142857143
0.7663742690058479
0.8328163771712158
0.8544642857142857
0.8178571428571427
0.9043604651162791
0.8927325581395349
0.7371345029239768
0.8339393939393939
0.8559814169570268
0.829656862745098
0.8087209302325582
0.8584795321637426
0.8185249709639953
0.8209219858156029
0.8263403263403264
0.8901162790697674
0.9051116333725029
0.8460384153661463
0.8337209302325582
0.8517441860465117
0.822093023255814
0.854360465116279
0.781578947368421
0.8486997635933805
0.8559814169570268
0.8845454545454545
0.8087209302325582
0.8302325581395349
0.880728554641598
0.8345454545454545
0.9049707602339181
0.8619271445358403
0.8535087719298247
0.8200992555831266
0.8449883449883451
0.8556910569105691
0.9267441860465117
0.829714640198511
0.8800813008130082
0.8797281323877069
0.9146270396270396
0.8293604651162791
0.8564327485380118
0.8916957026713124
0.9103995299647474
0.9033101045296167
0.8578488372093024
0.7937062937062936
0.8793604651162791
0.8664343786295005
0.829360465116279
0.8017441860465115
0.8625886524822695
0.8131609870740305
0.775438596491228
0.8869047619047619
0.8889541715628673
0.8371345029239766
0.8307200929152148
0.9142441860465116
0.8319623971797885
0.7926900584795322
0.8128672150411281
0.9070175438596492
0.8437862950058072
0.8454491725768322
0.8435314685314685
0.8427325581395348
0.8595930232558139
0.9195678271308524
0.8807285546415982
0.8659883720930233
0.9268507638072856
0.7985119047619048
0.777485380116959
0.7943595769682726
0.7768065268065267
0.8080720092915216
0.8242424242424242
0.8564327485380118
0.7788690476190477
0.8745454545454545
0.786014405762305
0.8673054587688733
0.8551103368176538
0.851950354609929
0.7995337995337995
0.8462209302325582
0.8704678362573098
0.8889555822328932
0.7950058072009292
0.80506993006993
0.8070719602977667
0.8695906432748538
0.8552325581395349
0.8706293706293707
0.87862950058072
0.8449883449883451
0.8239766081871345
0.8699404761904761
0.8569739952718676
0.8052325581395349
0.8166666666666667
0.9051418439716311
0.8072855464159812
0.7937720329024677
0.880701754385965
0.9034883720930231
0.9051418439716312
0.8927325581395349
0.8673054587688733
0.8565621370499418
0.8678861788617888
0.8880023640661938
0.8916957026713123
0.8592657342657343
0.8194767441860465
0.854360465116279
0.8677325581395349
0.8461538461538461
0.8948135198135198
0.8625886524822695
0.8346063454759107
0.8825910931174089
0.8803571428571428
0.8356973995271867
0.8445454545454545
0.9271929824561403
0.8232142857142857
0.8432748538011696
0.8776785714285714
0.8429152148664344
0.8909883720930233
0.773030303030303
0.7694767441860465
0.8398942420681551
0.8543859649122807
0.8681761786600497
0.8605263157894737
0.8699763593380614
0.8592831962397179
0.8911149825783972
0.8413690476190476
0.7919642857142857
0.8186046511627907
0.8491071428571428
0.8440476190476189
0.902923976608187
0.8670150987224158
0.8605263157894737
0.8860164512338427
0.7953488372093024
0.8251461988304093
0.8075793184488836
0.8662587412587412
0.8315911730545876
0.8551103368176538
0.89198606271777
0.8746936274509803
0.8493397358943577
0.8642773207990598
0.7711962833914053
0.8918128654970761
0.8052220888355344
0.8797909407665505
0.9029239766081871
0.8543859649122807
0.8784883720930234
0.8803571428571428
0.859338061465721
0.8131609870740305
0.838690476190476
0.8440476190476189
0.8494152046783626
0.8811046511627908
0.7819767441860466
0.8675958188153311
0.8393939393939394
0.8339243498817966
0.8429152148664344
0.8691724941724942
0.8436046511627906
0.8256302521008404
0.8595930232558139
0.8131609870740305
0.8443670150987225
0.7976608187134503
0.8230994152046783
0.8149766899766899
0.9052325581395347
0.8789198606271776
0.8237367802585195
0.9146270396270397
0.8860164512338427
0.8210526315789474
0.8101736972704714
0.7468060394889663
0.8569767441860465
0.8517857142857144
0.8686046511627907
0.8324468085106382
0.8675958188153311
0.7281818181818182
0.8342105263157895
0.8493397358943577
0.7837209302325583
0.8371345029239766
0.9036004645760742
0.8590909090909091
0.782520325203252
0.8036130536130537
0.8087719298245614
0.8075793184488836
0.8251748251748253
0.8552009456264775
0.8953900709219859
0.793939393939394
0.9008771929824562
0.8437862950058073
0.8552325581395349
0.7837995337995338
0.8633928571428571
0.8811046511627907
0.7941347270615563
0.8491071428571428
0.8307200929152148
0.8847953216374269
0.8292540792540793
0.9033101045296167
0.8435314685314685
0.8448379351740697
0.8916957026713124
0.9271929824561403
0.8389479905437354
0.7783687943262412
0.8099415204678362
0.8436046511627907
0.8167848699763594
0.8035714285714286
0.8069105691056911
0.8406177156177156
0.8648018648018647
0.8554590570719602
0.8434959349593496
0.8205574912891987
0.8193960511033681
0.8413690476190476
0.8038011695906433
0.9045454545454545
0.768421052631579
0.8140350877192983
0.8413690476190476
0.8232009925558312
0.8080720092915216
0.8222610722610723
0.9193452380952382
0.7836134453781514
0.8199279711884754
0.8360119047619047
0.8348214285714286
0.8412280701754387
0.8429152148664344
0.860224586288416
0.7836257309941521
0.8918604651162791
0.8730492196878752
0.818815331010453
0.8263807285546416
0.8089285714285714
0.8429152148664344
0.8158049353701528
0.938811188811189
0.8736842105263158
0.8669212690951822
0.8436046511627907
0.8616333725029377
0.8662587412587412
0.8918997668997668
0.8085234093637454
0.9159883720930233
0.8307109557109558
0.8230994152046783
0.8621794871794871
0.8306737588652482
0.8111702127659575
0.880701754385965
0.8462209302325582
0.8747086247086246
0.8562717770034843
0.8061046511627907
0.8420441347270615
0.8921394799054374
0.7938175270108043
0.8959064327485381
0.8283096926713948
0.9212690951821386
0.8193960511033681
0.8348108747044918
0.8596969696969698
0.8319623971797885
0.903890824622532
0.8066202090592335
0.7718676122931443
0.8164335664335665
0.8074912891986061
0.8401880141010577
0.8321428571428571
0.8625730994152047
0.8776223776223776
0.7906432748538013
0.8237367802585195
0.8375440658049353
0.89272030651341
0.7479435957696827
0.8667247386759582
0.786014405762305
0.7958333333333334
0.7958768873403019
0.8336363636363636
0.822093023255814
0.8413690476190475
0.8409883720930232
0.8738095238095238
0.8401162790697675
0.8538415366146458
0.8548199767711964
0.8677156177156178
0.9189976689976691
0.8789198606271776
0.8210526315789475
0.8911149825783972
0.8659883720930233
0.8479020979020979
0.807983682983683
0.7686170212765957
0.7725146198830409
0.8234265734265734
0.887719298245614
0.8819930069930071
0.8194767441860464
0.7013403263403263
0.8406177156177157
0.742559523809524
0.8393939393939394
0.8155111633372503
0.9149245063879209
0.9159883720930233
0.879079254079254
0.8052325581395349
0.8445454545454545
0.8074912891986061
0.89198606271777
0.7947154471544715
0.8473684210526317
0.8505402160864345
0.8318815331010453
0.8315911730545876
0.8880023640661938
0.916860465116279
0.885654261704682
0.8437862950058073
0.8310104529616725
0.8377039627039627
0.9160859465737514
0.8833725029377203
0.8199279711884754
0.8595438175270108
0.822093023255814
0.8517857142857144
0.8959064327485381
0.8668604651162791
0.8250591016548463
0.857808857808858
0.8595238095238096
0.7842624854819977
0.834593023255814
0.8008771929824562
0.7686170212765957
0.8592657342657343
0.882748538011696
0.874249699879952
0.8186046511627907
0.8912529550827422
0.8131609870740305
0.832171893147503
0.8436046511627907
0.8545883940620782
0.9160818713450292
0.8315911730545876
0.87862950058072
0.7590011614401858
0.8406177156177156
0.7967836257309943
0.880701754385965
0.8505402160864346
0.858343337334934
0.8371345029239766
0.8543859649122807
0.9166666666666667
0.8307200929152148
0.8776162790697674
0.8545454545454545
0.842074592074592
0.8838652482269502
0.819090909090909
0.7922494172494172
0.8426248548199768
0.8421985815602837
0.89198606271777
0.8078730904817861
0.8681765389082462
0.8339393939393939
0.7776785714285714
0.7802325581395348
0.8916957026713124
0.8918128654970761
0.8159883720930233
0.8304297328687573
0.884453781512605
0.7604651162790698
0.8306737588652482
0.8561046511627908
0.8097238895558223
0.8409883720930232
0.8548199767711964
0.860224586288416
0.8280701754385966
0.8507638072855463
0.8208041958041957
0.8391356542617047
0.7822299651567944
0.9036004645760742
0.8889541715628673
0.8563454759106933
0.7997076023391813
0.8678861788617888
0.8492647058823529
0.7884841363102232
0.8927325581395349
0.9041811846689896
0.8266317016317016
0.854360465116279
0.8625886524822695
0.8454759106933021
0.8069767441860465
0.8803716608594656
0.8915981198589894
0.8945035460992908
0.7703252032520326
0.8694767441860467
0.9003496503496505
0.8166873449131513
0.8109243697478992
0.7877192982456139
0.886842105263158
0.8322561692126911
0.8291962174940899
0.799702380952381
0.8803716608594656
0.8302325581395349
0.8633928571428571
0.8786549707602339
0.8784883720930232
0.8561046511627907
0.8346338535414166
0.8337209302325582
0.8346063454759107
0.8247093023255814
0.8542392566782809
0.9175407925407925
0.8440766550522648
0.8324622531939605
0.8871158392434988
0.8464452214452215
0.8203488372093024
0.8313008130081301
0.8251461988304093
0.765151515151515
0.8959064327485381
0.8564327485380117
0.8716374269005848
0.8686046511627906
0.8072009291521487
0.8484136310223267
0.8706293706293707
0.818815331010453
0.8434959349593496
0.7878787878787877
0.8807285546415982
0.7911280846063455
0.8043604651162791
0.8803716608594656
0.8219975490196079
0.8505952380952382
0.8901660280970626
0.8678861788617888
0.8694767441860467
0.8569767441860465
0.8452380952380953
0.8421985815602837
0.8646198830409357
0.8526162790697673
0.8278186274509804
0.7848432055749128
0.7636946386946387
0.866725768321513
0.8311046511627906
0.7472989195678271
0.8427325581395348
0.7836817653890824
0.9116430260047281
0.8203488372093024
0.860224586288416
0.8203488372093024
0.8711309523809524
0.902923976608187
0.7936046511627907
0.8070719602977667
0.842074592074592
0.8786549707602339
0.8552325581395348
0.8563519813519813
0.8149122807017545
0.8301169590643276
0.8111702127659575
0.8526162790697673
0.8875
0.8716374269005848
0.793154761904762
0.8645710928319623
0.8321678321678322
0.916860465116279
0.8668604651162791
0.8677156177156178
0.8277972027972028
0.8187274909963985
0.8324622531939605
0.8432055749128919
0.8764880952380952
0.9083924349881796
0.8293184488836662
0.8362573099415205
0.8267441860465117
0.910062893081761
0.8200354609929078
0.8139393939393939
0.7907925407925409
0.79403073286052
0.8691724941724942
0.8427325581395348
0.8915981198589894
0.8090909090909091
0.8185249709639953
0.9178921568627452
0.8349001175088133
0.8037825059101654
0.8486997635933805
0.8230994152046783
0.8191056910569106
0.8391812865497076
0.8213866039952997
0.9186046511627908
0.8492647058823529
0.8142256902761104
0.8945035460992908
0.8915981198589894
0.8703488372093023
0.8339243498817966
0.7952961672473868
0.8673054587688734
0.8918997668997668
0.9024676850763809
0.7909883720930233
0.8528368794326242
0.854360465116279
0.8334333733493398
0.891860465116279
0.79225768321513
0.8912529550827422
0.8040216086434573
0.8255952380952382
0.8642424242424243
0.7937720329024677
0.8158049353701528
0.8460384153661463
0.798406862745098
0.8670150987224158
0.8158049353701528
0.8797909407665506
0.8592657342657343
0.8537015276145711
0.8783391405342625
0.7699404761904762
0.8119883040935673
0.8561046511627908
0.8789198606271776
0.854360465116279
0.8190058479532164
0.8670150987224158
0.7793604651162791
0.8537015276145711
0.8271929824561404
0.7282738095238095
0.854895104895105
0.8213866039952997
0.7502923976608188
0.8564327485380118
0.8362573099415205
0.9018065268065268
0.9051116333725029
0.8421985815602837
0.8968860164512339
0.8757309941520467
0.8948135198135198
0.8677325581395349
0.8634502923976608
0.8607442977190876
0.7955865272938444
0.822093023255814
0.8556547619047619
0.7890070921985817
0.8099415204678362
0.8049353701527614
0.7995198079231692
0.7598722415795587
0.8293184488836663
0.9159811985898942
0.8819767441860465
0.8199767711962833
0.8452380952380953
0.8319767441860465
0.8742017879948915
0.8437862950058073
0.884453781512605
0.8185249709639953
0.8350815850815851
0.8429152148664344
0.8241725768321513
0.826674500587544
0.9276162790697675
0.8319623971797885
0.8677156177156178
0.8452380952380953
0.8681761786600497
0.781578947368421
0.8514619883040936
0.9140350877192983
0.8199767711962833
0.8582375478927202
0.8263807285546416
0.7825059101654847
0.8346063454759107
0.7729651162790697
0.7967479674796748
0.7709059233449478
0.8563454759106933
0.8703488372093023
0.8324622531939605
0.8654970760233918
0.8684668989547036
0.7907925407925409
0.771486643437863
0.8569767441860465
0.7927325581395349
0.7901162790697673
0.8645710928319623
0.8494152046783625
0.8659883720930233
0.7909883720930233
0.8087209302325582
0.8284883720930233
0.8493589743589743
0.8507638072855463
0.8019976498237368
0.8799519807923168
0.8449883449883451
0.9634146341463415
0.8436046511627906
0.8398942420681551
0.854895104895105
0.854360465116279
0.9030197444831589
0.8761655011655012
0.8534883720930233
0.8436046511627906
0.8563519813519813
0.8883720930232559
0.8078947368421053
0.8695906432748538
0.8454491725768322
0.8401162790697675
0.8393939393939394
0.8277972027972028
0.7194767441860465
0.874561403508772
0.8406177156177157
0.8860164512338427
0.9186251468860165
0.8786549707602339
0.864045618247299
0.8600628930817611
0.8551103368176538
0.8548199767711964
0.882748538011696
0.879079254079254
0.8337209302325581
0.8687572590011614
0.8454491725768322
0.9077555816686251
0.7837209302325583
0.8777915632754342
0.8002450980392156
0.9099264705882353
0.7964576074332173
0.8191056910569106
0.8444767441860466
0.8833725029377203
0.8811046511627908
0.8437862950058073
0.8677156177156178
0.832171893147503
0.8409883720930232
0.8346063454759107
0.903890824622532
0.8245283018867925
0.8208041958041957
0.7529761904761905
0.8633449883449883
0.8307200929152148
0.8711309523809524
0.8892441860465117
0.8142441860465117
0.8767441860465117
0.8927325581395349
0.8006993006993006
0.8237367802585195
0.8190058479532163
0.8310104529616725
0.8784883720930234
0.8988927738927739
0.9530885780885779
0.9648809523809525
0.87862950058072
0.8301169590643276
0.8552009456264775
0.7993537015276145
0.8552325581395348
0.8863102232667449
0.8732269503546098
0.7909883720930233
0.8432055749128919
0.8678861788617888
0.8196864111498257
0.8311046511627906
0.8436046511627906
0.8377039627039627
0.8119883040935673
0.8889541715628673
0.7753496503496503
0.7946428571428571
0.8185579196217495
0.8464452214452215
0.8784883720930232
0.8139880952380953
0.8280701754385966
0.8507638072855463
0.8094405594405595
0.7967097532314925
0.8548199767711964
0.807919621749409
0.8776162790697674
0.7993537015276145
0.8230994152046783
0.8699763593380613
0.7995337995337995
0.7926900584795321
0.8948135198135198
0.844988344988345
0.866725768321513
0.8561046511627908
0.8614035087719298
0.8556547619047619
0.8401880141010577
0.854895104895105
0.8315602836879433
0.7964159811985898
0.8464452214452215
0.8080720092915216
0.8230994152046783
0.8776223776223776
0.7670387779083432
0.743030303030303
0.8584795321637426
0.8578488372093024
0.7988372093023255
0.8307200929152148
0.8563519813519813
0.822093023255814
0.7906746031746033
0.9160859465737514
0.9017441860465116
0.829360465116279
0.8563519813519813
0.9096969696969697
0.8819930069930071
0.8777908343125734
0.9403508771929824
0.8205357142857143
0.8875291375291375
0.8428319623971797
0.9047202797202797
0.8426248548199768
0.8690898345153664
0.7852564102564102
0.7936046511627908
0.7936046511627907
0.8911149825783972
0.8678861788617886
0.9222813238770685
0.8321637426900584
0.6855400696864112
0.8052220888355344
0.8560874704491725
0.8473684210526317
0.8444767441860466
0.854360465116279
0.8083623693379792
0.9146270396270397
0.7825203252032521
0.8551103368176538
0.8435314685314685
0.7680652680652681
0.8063298490127758
0.8196864111498257
0.8592657342657343
0.8208041958041957
0.8911149825783972
0.8968860164512339
0.798076923076923
0.8391812865497076
0.8817610062893082
0.8901162790697674
0.8099415204678362
0.8725029377203289
0.8595438175270108
0.8519813519813519
0.8062500000000001
0.8058479532163743
0.8953900709219859
0.8274231678486996
0.7427325581395349
0.8409883720930232
0.8537015276145711
0.8773640661938534
0.8764880952380952
0.826674500587544
0.8842261904761903
0.8391812865497076
0.8058479532163743
0.8444767441860466
0.8675088131609872
0.8551103368176538
0.8508158508158509
0.8473684210526317
0.8196864111498257
0.8398942420681551
0.8811046511627908
0.8306737588652482
0.8432055749128919
0.7703252032520326
0.7321428571428571
0.822093023255814
0.9155052264808362
0.8675438596491228
0.799645390070922
0.8548199767711964
0.8093971631205674
0.8111702127659575
0.8673054587688733
0.8889860139860138
0.8123543123543123
0.8534382284382284
0.7468060394889662
0.8662587412587412
0.8421985815602837
0.8436046511627906
0.9151162790697673
0.8691724941724942
0.799647473560517
0.872502937720329
0.8436046511627907
0.8534883720930233
0.8659883720930233
0.8038011695906433
0.8552325581395348
0.868547418967587
0.8346063454759107
0.8232142857142857
0.8203488372093024
0.7952961672473868
0.8569767441860464
0.7865497076023391
0.7696827262044654
0.8063298490127758
0.7967836257309941
0.7644799054373522
0.8155111633372503
0.7372093023255814
0.8560874704491725
0.8752976190476189
0.854895104895105
0.8664343786295005
0.8310104529616725
0.775122549019608
0.8318815331010453
0.8659883720930233
0.765151515151515
0.7795321637426901
0.8080720092915216
0.8534382284382284
0.8069105691056911
0.8251461988304093
0.882748538011696
0.8199233716475095
0.8791666666666668
0.8977541371158392
0.857808857808858
0.8552325581395348
0.8443670150987225
0.9030197444831589
0.8797909407665506
0.7729651162790697
0.7733077905491698
0.89198606271777
0.8552325581395348
0.8140350877192983
0.7828488372093023
0.8562717770034843
0.8704678362573098
0.7723266745005876
0.8716374269005848
0.8311046511627906
0.8336247086247086
0.8196864111498257
0.9048484848484848
0.8652460984393757
0.8328488372093024
0.8675958188153311
0.8502923976608187
0.8099415204678363
0.9196969696969697
0.8191056910569106
0.7643948296122208
0.8266129032258064
0.8321678321678322
0.7791053921568627
0.7753496503496503
0.8072009291521487
0.8569767441860465
0.8318815331010453
0.8432748538011696
0.8307200929152148
0.8578488372093024
0.8429152148664344
0.8263807285546416
0.7944767441860465
0.903890824622532
0.8099415204678362
0.8202671312427411
0.8945454545454545
0.8561046511627908
0.8337209302325582
0.8236363636363636
0.7962264150943397
0.8222610722610723
0.7686046511627906
0.7951631701631701
0.8142256902761104
0.7950180072028813
0.8421985815602837
0.8185249709639953
0.8619271445358403
0.8552325581395348
0.8754501800720289
0.8948135198135198
0.8634502923976608
0.8432055749128919
0.7914218566392479
0.8842424242424243
0.8401880141010577
0.8688725490196079
0.8307109557109558
0.7980769230769231
0.8699763593380613
0.860224586288416
0.8102232667450058
0.7944240196078431
