0.7828488372093024
0.8726190476190476
0.7892857142857143
0.8502923976608187
0.8650744416873448
0.812797619047619
0.8062500000000001
0.8784883720930232
0.8293604651162791
0.7573099415204679
0.8442424242424242
0.8678861788617888
0.8590686274509804
0.8087209302325582
0.8695906432748538
0.818815331010453
0.8560874704491725
0.8406177156177156
0.8311046511627906
0.886310223266745
0.8607442977190876
0.7944767441860465
0.7944767441860465
0.8337209302325582
0.8552325581395349
0.768421052631579
0.8871158392434988
0.8074912891986061
0.8545454545454546
0.8078488372093022
0.8409883720930232
0.8780846063454759
0.8293939393939394
0.8675438596491228
0.8237367802585195
0.768421052631579
0.8424317617866006
0.842074592074592
0.7828106852497096
0.8927325581395348
0.829714640198511
0.8080720092915216
0.8486997635933805
0.9146270396270396
0.8651162790697675
0.8897660818713451
0.89198606271777
0.8968860164512339
0.9152148664343785
0.8043604651162791
0.7467948717948718
0.9034883720930232
0.8914053426248547
0.8534883720930233
0.8159883720930233
0.8486997635933805
0.8619271445358403
0.7795321637426901
0.8764880952380952
0.9024676850763808
0.8786549707602339
0.7831010452961672
0.9017441860465115
0.8237367802585195
0.8058479532163743
0.7993537015276145
0.8675438596491228
0.8315911730545876
0.8389479905437354
0.8948135198135198
0.8436046511627906
0.9069767441860466
0.9105642256902762
0.8698589894242068
0.8052325581395349
0.8998237367802586
0.781547619047619
0.8412280701754387
0.8349001175088133
0.7482517482517482
0.7598722415795587
0.7987878787878787
0.8654970760233918
0.8035714285714285
0.7890909090909091
0.8754501800720289
0.8429152148664344
0.759581881533101
0.8380614657210401
0.7966200466200466
0.8694767441860467
0.8128654970760234
0.8595438175270108
0.7828106852497096
0.8123543123543123
0.7524813895781638
0.8564327485380118
0.8319767441860465
0.8677156177156178
0.8911149825783972
0.8435314685314685
0.8321637426900584
0.8946428571428571
0.8421985815602837
0.829360465116279
0.8803571428571428
0.932919621749409
0.7993537015276145
0.7776145710928319
0.8605263157894738
0.8293604651162791
0.912529550827423
0.9034883720930231
0.8551103368176538
0.832171893147503
0.8434959349593496
0.912529550827423
0.9038908246225319
0.8849067599067598
0.8061046511627907
0.9043604651162791
0.9159883720930233
0.8065268065268064
0.9061771561771562
0.859338061465721
0.8481198589894242
0.9001349527665318
0.8556547619047619
0.7857565011820331
0.8342424242424242
0.895906432748538
0.812797619047619
0.9008771929824562
0.9050595238095238
0.9036004645760742
0.9142441860465117
0.7736363636363637
0.8677325581395349
0.8075793184488836
0.8412280701754387
0.7912531017369728
0.8605263157894737
0.8871158392434988
0.8213866039952997
0.8797909407665506
0.8375
0.7880952380952382
0.8436046511627906
0.7880952380952381
0.8270833333333333
0.8918128654970761
0.8304297328687572
0.8342105263157895
0.9212690951821386
0.7694767441860465
0.7988304093567251
0.8537015276145711
0.7951631701631701
0.8922764227642277
0.8792102206736353
0.8556910569105691
0.9099264705882353
0.8448379351740697
0.8237367802585195
0.8673054587688733
0.8453216374269006
0.8007202881152461
0.8556910569105691
0.893859649122807
0.8502923976608188
0.8177325581395348
0.8803571428571428
0.8699763593380614
0.8619271445358403
0.8452380952380953
0.7958333333333334
0.8362573099415205
0.7927325581395348
0.8186046511627907
0.8795005807200929
0.8493939393939393
0.7857565011820331
0.8559814169570267
0.8065268065268066
0.8427325581395348
0.7893157262905162
0.8444767441860466
0.8619271445358403
0.8803716608594656
0.8614035087719298
0.8412280701754387
0.8307109557109558
0.9052325581395347
0.9157955865272938
0.8102232667450058
0.9032634032634032
0.8507638072855463
0.8321637426900584
0.794044665012407
0.7584204413472706
0.8694767441860467
0.9011904761904761
0.8552325581395348
0.8218085106382979
0.9157955865272938
0.7336363636363636
0.8321637426900584
0.884453781512605
0.854360465116279
0.8301169590643276
0.8792102206736353
0.823939393939394
0.8789198606271776
0.7837995337995337
0.8260233918128654
0.8645710928319624
0.8108974358974359
0.8274231678486996
0.8986406619385343
0.8493939393939393
0.882748538011696
0.8675958188153311
0.8212209302325582
0.8336247086247086
0.9127976190476189
0.891860465116279
0.8429152148664344
0.8699404761904761
0.8551103368176538
0.7947368421052632
0.8193473193473194
0.8324622531939605
0.8350815850815851
0.8550420168067228
0.903019744483159
0.9029239766081871
0.8634751773049646
0.8315602836879433
0.8190058479532163
0.8686046511627907
0.8102836879432623
0.8738095238095238
0.8434959349593496
0.8534382284382284
0.8307109557109558
0.9069478908188586
0.9152148664343785
0.832171893147503
0.8432055749128919
0.8699404761904761
0.8301169590643276
0.9196969696969698
0.7856725146198831
0.7704678362573099
0.8907738095238096
0.7459677419354839
0.8914053426248547
0.8948135198135198
0.8660714285714286
0.8085234093637454
0.8697478991596639
0.7788690476190475
0.7672619047619047
0.8169590643274853
0.8670150987224158
0.8421985815602837
0.9119883040935672
0.8552325581395348
0.8493397358943577
0.8548199767711964
0.7940658049353702
0.8479166666666667
0.8675958188153311
0.8102232667450058
0.8988927738927739
0.8453216374269006
0.7940658049353702
0.916860465116279
0.8237367802585195
0.807983682983683
0.8761655011655011
0.8346338535414166
0.891860465116279
0.8193473193473193
0.895906432748538
0.8592657342657343
0.8339243498817966
0.8421985815602837
0.880701754385965
0.8453488372093024
0.854895104895105
0.7828106852497096
0.8811046511627908
0.7941347270615563
0.8454491725768322
0.8301320528211285
0.8918128654970761
0.7768912529550827
0.8942420681551114
0.7590011614401858
0.8241725768321514
0.8142424242424242
0.8319623971797885
0.89198606271777
0.7831010452961672
0.7898936170212766
0.8277972027972028
0.8556910569105691
0.8754406580493537
0.7464285714285714
0.882748538011696
0.9032634032634032
0.8371345029239766
0.8534077555816687
0.9133372502937721
0.801404853128991
0.8128672150411281
0.8911149825783972
0.8346338535414166
0.838690476190476
0.747096399535424
0.843939393939394
0.7703488372093024
0.8595238095238096
0.8526162790697673
0.8907738095238096
0.7595930232558139
0.8448379351740697
0.818815331010453
0.8805361305361306
0.8691724941724942
0.8673054587688733
0.8786549707602339
0.9036004645760742
0.854360465116279
0.7709790209790209
0.8948135198135198
0.7890070921985817
0.8342105263157895
0.8347902097902099
0.8634502923976608
0.7867132867132868
0.8561046511627907
0.7497086247086248
0.8036130536130537
0.8062500000000001
0.819090909090909
0.8102232667450058
0.8315911730545876
0.8337209302325581
0.8948135198135198
0.854360465116279
0.8996969696969697
0.7952961672473868
0.8675958188153311
0.7955865272938443
0.8695906432748538
0.9048619447779113
0.8199767711962833
0.8562717770034843
0.8463356973995272
0.8793604651162791
0.8493397358943577
0.8559814169570268
0.8069105691056911
0.8904428904428904
0.8678861788617888
0.8645710928319623
0.8256302521008404
0.8538415366146458
0.8453488372093024
0.9011904761904761
0.8695906432748538
0.8078488372093022
0.8037825059101654
0.8691724941724942
0.8803571428571428
0.8077816492450638
0.8078488372093022
0.8029239766081873
0.7612293144208039
0.8449883449883451
0.9181286549707602
0.8595438175270108
0.8087209302325582
0.866725768321513
0.8754406580493537
0.8440766550522648
0.8534883720930232
0.8738191632928475
0.8695906432748538
0.8670150987224158
0.7473867595818815
0.8310104529616725
0.8292540792540791
0.8453216374269006
0.8301169590643276
0.8754501800720289
0.9489795918367347
0.8523391812865496
0.8786549707602339
0.903890824622532
0.7947154471544715
0.891860465116279
0.8039393939393938
0.9018065268065268
0.8111702127659575
0.8442424242424241
0.8036130536130537
0.818815331010453
0.8241725768321514
0.8792102206736353
0.8375440658049353
0.8922764227642277
0.8290909090909091
0.7985119047619047
0.7712209302325582
0.8310104529616725
0.8149122807017545
0.7953488372093023
0.8432055749128919
0.8097238895558223
0.822093023255814
0.8380614657210401
0.8302325581395349
0.8052220888355344
0.8177325581395348
0.8318815331010453
0.8495862884160756
0.874561403508772
0.7887779083431258
0.8307109557109557
0.8211284513805521
0.7833914053426249
0.9277003484320557
0.8915981198589894
0.8563454759106933
0.8260233918128654
0.8554006968641116
0.8376225490196079
0.8181551116333724
0.9034883720930231
0.8432055749128919
0.7610722610722611
0.8651162790697675
0.8283096926713948
0.8049353701527614
0.8418604651162791
0.7831010452961672
0.8481198589894242
0.8144208037825059
0.7584204413472706
0.8569767441860465
0.8336247086247086
0.858560794044665
0.8403361344537814
0.7745614035087719
0.8918128654970761
0.8457696827262046
0.8708628841607565
0.8074404761904761
0.8556910569105691
0.8061046511627905
0.8699404761904761
0.8523391812865496
0.9401162790697674
0.8811046511627907
0.8007202881152461
0.7837209302325583
0.8481198589894242
0.8462209302325582
0.8069105691056911
0.8776223776223776
0.820267131242741
0.8205574912891987
0.8699763593380613
0.8292540792540793
0.8811046511627908
0.7465156794425086
0.8716374269005848
0.7709790209790209
0.8695906432748538
0.8695906432748538
0.9070175438596492
0.8561046511627907
0.8191056910569107
0.8346063454759107
0.9018065268065267
0.8074912891986061
0.7468060394889662
0.7893356643356644
0.8807285546415982
0.8563454759106933
0.7811046511627907
0.8562717770034843
0.8728553921568628
0.7985119047619048
0.8199233716475095
0.8429152148664344
0.8569767441860465
0.8186046511627908
0.8309523809523809
0.7833924349881796
0.8342105263157895
0.8078488372093022
0.8434436274509804
0.748548199767712
0.7552447552447552
0.8732269503546098
0.7543604651162792
0.7382953181272508
0.8427325581395348
0.832171893147503
0.8421985815602837
0.8087209302325582
0.8389479905437354
0.8319767441860465
0.8815476190476189
0.9049707602339181
0.8186046511627907
0.8200992555831266
0.8691724941724942
0.9008771929824562
0.9284883720930232
0.854895104895105
0.8371345029239766
0.8169590643274854
0.8421985815602837
0.8061046511627905
0.854360465116279
0.8584795321637426
0.7672619047619047
0.8836662749706229
0.9047202797202797
0.9034883720930231
0.8311046511627906
0.8563519813519813
0.8292540792540791
0.7995198079231692
0.8803716608594656
0.8792102206736353
0.7919642857142857
0.9051418439716312
0.8942420681551114
0.9111111111111111
0.8284883720930233
0.8911949685534591
0.8274231678486996
0.803939393939394
0.7724358974358974
0.8356973995271867
0.8776223776223776
0.8194767441860465
0.8915981198589894
0.8593939393939394
0.7825203252032521
0.8532475490196079
0.8131609870740305
0.8250591016548463
0.9083924349881796
0.8847953216374269
0.8429152148664344
0.8280701754385966
0.845475910693302
0.866860465116279
0.8844975490196079
0.8097238895558223
0.8528368794326241
0.8889541715628673
0.8802325581395349
0.7505910165484634
0.8559814169570268
0.8795005807200929
0.8648018648018648
0.8589894242068155
0.7113372093023256
0.8552009456264775
0.854360465116279
0.8346338535414166
0.8569767441860464
0.8274231678486996
0.8912529550827422
0.8697478991596639
0.8217261904761903
0.8642424242424243
0.7670387779083432
0.8863102232667449
0.8595438175270108
0.8394607843137255
0.8675958188153311
0.8293184488836663
0.8554006968641115
0.8222610722610723
0.8428319623971797
0.9030197444831589
0.799702380952381
0.882748538011696
0.9052325581395347
0.7950058072009292
0.8328488372093024
0.8078947368421053
0.8551103368176538
0.8052325581395349
0.8836662749706228
0.8008771929824562
0.7880952380952382
0.8677156177156178
0.7861339600470034
0.8383040935672514
0.8342105263157895
0.8342105263157895
0.8805361305361304
0.8886603995299649
0.866725768321513
0.8537015276145711
0.8230994152046783
0.8307109557109557
0.8793604651162791
0.8453216374269006
0.8505402160864346
0.7950058072009293
0.8104651162790697
0.9089285714285714
0.807033096926714
0.8605263157894737
0.8075793184488836
0.8154261704681873
0.8196864111498257
0.8537015276145711
0.9268507638072856
0.8444767441860466
0.7955865272938444
0.7985119047619047
0.8319767441860465
0.919220945083014
0.8432055749128919
0.89015606242497
0.7950058072009292
0.8164335664335665
0.8429152148664344
0.866725768321513
0.7723266745005876
0.8927325581395348
0.8807285546415982
0.8662587412587412
0.7854166666666669
0.8359181141439206
0.8149122807017545
0.8391812865497076
0.8078947368421053
0.820267131242741
0.8477011494252873
0.8589894242068156
0.7890070921985817
0.8645710928319624
0.8462209302325582
0.7836817653890824
0.8911149825783972
0.818448883666275
0.8552325581395348
0.8684668989547036
0.8453216374269006
0.8437862950058073
0.8036130536130537
0.8066202090592335
0.8552325581395348
0.7595930232558139
0.7694767441860465
0.8915981198589894
0.8301169590643276
0.8194767441860464
0.8061046511627905
0.8087209302325582
0.8401162790697675
0.8735431235431236
0.8319623971797885
0.8075793184488836
0.786014405762305
0.8819930069930071
0.8792102206736353
0.8668604651162791
0.8454759106933021
0.807983682983683
0.8686046511627906
0.8675958188153311
0.854895104895105
0.854360465116279
0.8776162790697674
0.8563519813519813
0.9026162790697674
0.8301169590643276
0.8342105263157895
0.8389479905437354
0.8052325581395349
0.89
0.8036130536130537
0.791860465116279
0.887719298245614
0.8918997668997668
0.818448883666275
0.8619271445358402
0.9140350877192983
0.8652460984393756
0.878930817610063
0.8559814169570267
0.8789198606271776
0.9140350877192983
0.8904428904428905
0.8436046511627906
0.8922764227642277
0.8315602836879433
0.872502937720329
0.7863372093023255
0.8874069478908189
0.767156862745098
0.9393382352941176
0.7595818815331011
0.8554006968641115
0.8918604651162791
0.832256169212691
0.8418604651162791
0.8675958188153311
0.8592657342657343
0.7955865272938444
0.8328488372093024
0.8672150411280847
0.8307200929152149
0.8267295597484277
0.8292540792540793
0.7568452380952382
0.8790792540792541
0.8193960511033681
0.7919642857142858
0.8776162790697674
0.7694767441860465
0.8069767441860465
0.8927325581395349
0.8292540792540791
0.8075793184488836
0.8432748538011696
0.8792102206736353
0.8901162790697674
0.9018065268065268
0.9175407925407925
0.8985119047619047
0.8432055749128919
0.8453216374269006
0.851950354609929
0.8398942420681551
0.9026162790697674
0.8672150411280847
0.8135342789598109
0.7936046511627907
0.8789198606271778
0.8670150987224158
0.8069105691056911
0.8203488372093023
0.8561046511627907
0.8149766899766899
0.8453216374269006
0.9051116333725029
0.7823426573426573
0.812797619047619
0.8037825059101654
0.8193473193473194
0.7936046511627908
0.8425595238095238
0.8301169590643276
0.8698589894242068
0.9061771561771562
0.8915981198589894
0.8191056910569106
0.8421985815602837
0.7936046511627907
0.7749706227967097
0.8190058479532163
0.8421985815602837
0.7867132867132867
0.8301169590643276
0.8307109557109557
0.8805361305361304
0.8144208037825059
0.854360465116279
0.9160818713450292
0.8803571428571428
0.7967097532314925
0.8094405594405595
0.7963947990543735
0.8155111633372503
0.8222610722610723
0.8193960511033681
0.8564327485380118
0.8918997668997668
0.8184488836662751
0.7784848484848486
0.8078947368421052
0.8436046511627907
0.7962209302325581
0.8551103368176538
0.8918997668997668
0.8069767441860466
0.8078703703703703
0.9033101045296168
0.8909883720930233
0.8311046511627906
0.8563519813519813
0.9448484848484848
0.8677156177156178
0.8481198589894242
0.9070175438596491
0.8309523809523809
0.8933566433566433
0.8860164512338427
0.8662587412587412
0.8667247386759582
0.799645390070922
0.8208041958041957
0.8194767441860465
0.891860465116279
0.8908246225319394
0.7964576074332171
0.8773640661938534
0.8654970760233918
0.770034843205575
0.8007202881152461
0.8209219858156029
0.8190058479532163
0.8453488372093022
0.9026162790697674
0.7955865272938444
0.8790792540792541
0.818815331010453
0.8795005807200929
0.8307109557109558
0.7453379953379954
0.7831010452961672
0.9041811846689896
0.8834498834498834
0.8464452214452215
0.8675958188153311
0.9159811985898942
0.8208041958041958
0.8766081871345028
0.8933962264150944
0.8069767441860465
0.8453216374269006
0.8860164512338427
0.8460384153661465
0.8307109557109558
0.8309523809523809
0.8654970760233918
0.8421985815602837
0.8699763593380613
0.7703488372093024
0.7811046511627907
0.8836662749706229
0.8773640661938534
0.8907738095238096
0.8589894242068155
0.8375
0.8128654970760234
0.8716374269005848
0.8793604651162791
0.8780846063454759
0.8795005807200929
0.8365384615384616
0.8432748538011696
0.8313008130081301
0.7588131609870741
0.8677325581395349
0.8061465721040189
0.8675958188153311
0.7709059233449478
0.7282738095238096
0.8587209302325581
0.8914053426248547
0.8675438596491228
0.8135342789598109
0.9271196283391405
0.7857565011820331
0.807033096926714
0.8432055749128919
0.9047202797202797
0.8321678321678322
0.7867132867132868
0.8063298490127758
0.8691724941724942
0.8421985815602837
0.8534883720930233
0.9267441860465117
0.8819930069930071
0.9024676850763809
0.9430082256169213
0.8444767441860466
0.7703488372093024
0.8776162790697674
0.7795321637426901
0.9034883720930231
0.8550420168067226
0.8563454759106933
0.9023809523809524
0.8686046511627907
0.8434959349593496
0.9034883720930232
0.8239766081871345
0.8780846063454759
0.8307200929152148
0.8564327485380118
0.8135342789598109
0.7667450058754407
0.8104651162790697
0.8838652482269502
0.7958333333333334
0.8406177156177157
0.8072009291521487
0.818815331010453
0.775122549019608
0.8313008130081301
0.8418604651162791
0.7808857808857809
0.8128654970760234
0.7955865272938444
0.8918997668997668
0.8069105691056911
0.8625730994152047
0.8523391812865496
0.8304597701149427
0.8348214285714286
0.8315602836879433
0.854895104895105
0.8427325581395348
0.8554006968641116
0.8797909407665506
0.8196864111498257
0.8069767441860466
0.8409961685823755
0.8681765389082463
0.8418604651162791
0.8119883040935673
0.8409883720930232
0.8922764227642277
0.7967836257309943
0.8075793184488838
0.880701754385965
0.8552325581395349
0.8193473193473194
0.8072009291521487
0.8693939393939394
0.8991596638655462
0.8444767441860466
0.8554006968641115
0.8482456140350877
0.8605263157894738
0.8996969696969697
0.8675958188153311
0.799647473560517
0.8169975186104219
0.8178904428904429
0.7653186274509804
0.7724358974358976
0.7479674796747967
0.8811046511627908
0.8440766550522648
0.8543859649122807
0.818815331010453
0.8328488372093024
0.8673054587688734
0.8346063454759107
0.8409883720930232
0.7831010452961672
0.8190058479532163
0.8324622531939605
0.8342424242424242
0.8311046511627906
0.7703488372093024
0.8539393939393939
0.8723270440251573
0.854895104895105
0.7944767441860465
0.7966200466200466
0.9048619447779113
0.8346338535414166
0.8560874704491725
0.8426248548199768
0.8346063454759107
0.8793604651162791
0.8232292917166866
0.842074592074592
0.8280701754385966
0.8670150987224158
0.8240305522914217
0.9045454545454544
0.8727967097532316
0.8844975490196079
0.8307109557109558
0.7823426573426573
0.807033096926714
0.8912529550827422
0.7940658049353702
0.818014705882353
