0.8186046511627907
0.7654761904761905
0.763095238095238
0.6380116959064328
0.8219602977667494
0.8589285714285714
0.7666666666666666
0.7511627906976746
0.8174418604651164
0.6637426900584795
0.892121212121212
0.6811846689895471
0.7561274509803921
0.7773255813953488
0.6742690058479532
0.7311265969802556
0.8894799054373523
0.7884615384615385
0.9063953488372092
0.7861339600470035
0.7713085234093637
0.6087209302325581
0.7662790697674419
0.7982558139534884
0.8075581395348838
0.731578947368421
0.7919621749408984
0.759581881533101
0.8163636363636364
0.7093023255813953
0.8110465116279069
0.8683901292596945
0.7733333333333333
0.8783625730994152
0.8260869565217391
0.7701754385964913
0.8374689826302729
0.8304195804195805
0.7619047619047619
0.7895348837209302
0.7847394540942928
0.7851335656213705
0.7541371158392435
0.8490675990675991
0.8348837209302327
0.863157894736842
0.8333333333333333
0.7497062279670975
0.8478513356562137
0.869186046511628
0.6765734265734266
0.8540697674418605
0.8170731707317074
0.7668604651162791
0.7767441860465116
0.8475177304964541
0.8066980023501763
0.6888888888888889
0.8172619047619049
0.8425381903642774
0.8596491228070174
0.7653890824622532
0.8127906976744186
0.8366627497062279
0.788888888888889
0.6962397179788484
0.867251461988304
0.8675958188153311
0.7777777777777779
0.8030303030303031
0.7366279069767442
0.7511627906976743
0.8757503001200481
0.8848413631022326
0.7616279069767441
0.7737955346651
0.8220238095238096
0.6614035087719299
0.7820211515863689
0.6754079254079253
0.7648083623693379
0.7133333333333334
0.908187134502924
0.7595238095238096
0.776969696969697
0.7929171668667466
0.8037166085946574
0.8426248548199767
0.6643026004728132
0.7243589743589743
0.7843023255813953
0.7953216374269007
0.7803121248499401
0.6881533101045296
0.7925407925407923
0.9100496277915632
0.8292397660818712
0.8186046511627907
0.6841491841491841
0.8693379790940767
0.6561771561771561
0.7116959064327486
0.7642857142857142
0.8829787234042553
0.7558139534883721
0.8434523809523808
0.8404255319148937
0.7579318448883666
0.6598119858989424
0.8596491228070176
0.7017441860465116
0.8664302600472813
0.7517441860465116
0.8275261324041812
0.835075493612079
0.8182346109175379
0.8664302600472815
0.8246225319396051
0.7284382284382284
0.7767441860465117
0.8319767441860465
0.8081395348837209
0.8071095571095571
0.7826340326340326
0.8221040189125295
0.7432432432432431
0.7449392712550608
0.8547619047619048
0.7027186761229314
0.7775757575757575
0.8152046783625733
0.7904761904761904
0.7859649122807016
0.7559523809523809
0.8019744483159118
0.8029069767441862
0.6951515151515152
0.7133720930232558
0.836075205640423
0.6912280701754386
0.8839950372208436
0.7421052631578947
0.8829787234042553
0.8278495887191539
0.8414634146341463
0.8767857142857143
0.8261904761904763
0.7122093023255813
0.7636904761904764
0.7928571428571429
0.9011695906432748
0.8019744483159119
0.784795321637427
0.8143360752056404
0.6058139534883722
0.8146198830409357
0.7297297297297297
0.8304195804195804
0.8571428571428571
0.8304297328687573
0.803135888501742
0.7855392156862745
0.765906362545018
0.6903642773207991
0.6045296167247387
0.8087719298245615
0.7725090036014405
0.7328687572590012
0.8116959064327487
0.8327485380116959
0.8063953488372091
0.8315476190476191
0.8250591016548463
0.6874265569917744
0.6660714285714286
0.7208333333333334
0.8654970760233919
0.8674418604651162
0.7656976744186047
0.8914053426248548
0.7739393939393939
0.7494089834515366
0.7183507549361208
0.7593240093240093
0.8674418604651164
0.8145258103241297
0.788953488372093
0.7831962397179788
0.8426248548199768
0.8345029239766081
0.6941520467836257
0.8286713286713286
0.8261627906976744
0.7880371660859465
0.6968272620446533
0.7972027972027973
0.7972972972972974
0.8017543859649123
0.738213399503722
0.7671312427409989
0.8337209302325582
0.7571428571428571
0.7924418604651162
0.8646572104018913
0.778164924506388
0.6490909090909092
0.8070175438596492
0.8559423769507803
0.8453488372093024
0.7485380116959064
0.8751451800232288
0.7636363636363637
0.7380952380952381
0.7447552447552448
0.7660818713450293
0.8895417156286722
0.8706293706293706
0.8120567375886524
0.7955082742316785
0.7103030303030302
0.7824561403508772
0.832752613240418
0.8162790697674418
0.7534965034965035
0.7720238095238094
0.8290697674418605
0.8693379790940766
0.799404761904762
0.7979094076655051
0.7666666666666667
0.8135198135198135
0.8751451800232289
0.8525641025641025
0.7575030012004802
0.7793263646922183
0.8777777777777778
0.7825059101654847
0.6607565011820331
0.804093567251462
0.8215116279069767
0.7919621749408983
0.8261904761904761
0.8356562137049941
0.80011655011655
0.7564102564102564
0.8889578163771713
0.7305458768873403
0.691637630662021
0.6777003484320558
0.8404761904761906
0.7380116959064327
0.7781818181818182
0.7567251461988305
0.7432748538011696
0.8148809523809524
0.78287841191067
0.8147502903600465
0.8310023310023311
0.8017857142857143
0.7719087635054022
0.7839135654261704
0.7273809523809524
0.7071428571428571
0.8134502923976608
0.645760743321719
0.8203309692671396
0.7561403508771931
0.775
0.7869147659063624
0.8281068524970965
0.7685076380728555
0.7630952380952382
0.7502903600464575
0.709165687426557
0.8729603729603729
0.8403508771929825
0.8296122209165688
0.8343023255813955
0.8196239717978849
0.7925407925407926
0.8350815850815851
0.7557022809123649
0.8406976744186047
0.7558275058275059
0.7713450292397661
0.7843822843822843
0.8079196217494089
0.7340425531914895
0.8409356725146199
0.8651162790697675
0.7884615384615384
0.7932636469221835
0.8075581395348836
0.8356562137049942
0.7494089834515366
0.7623049219687876
0.8228070175438597
0.7671394799054374
0.7767332549941246
0.7868757259001162
0.7364066193853428
0.7624242424242424
0.7385428907168037
0.8629500580720093
0.7375145180023229
0.8156028368794327
0.6678321678321679
0.7781649245063879
0.809635722679201
0.7422619047619049
0.7087719298245614
0.8012820512820512
0.7011695906432748
0.8113983548766158
0.8401880141010576
0.8952745849297573
0.745593419506463
0.6875725900116144
0.7785114045618247
0.7607142857142857
0.7067363530778166
0.7727272727272727
0.7552325581395348
0.8357142857142856
0.7046511627906976
0.7994047619047618
0.7453488372093023
0.7989195678271309
0.7961672473867596
0.7942890442890442
0.7144522144522144
0.7897793263646923
0.8450292397660819
0.7880371660859465
0.8122093023255814
0.8041958041958042
0.7925407925407927
0.6117021276595745
0.8374269005847953
0.8135198135198135
0.828654970760234
0.8694638694638694
0.7558139534883721
0.7301864801864801
0.7132867132867133
0.6821428571428572
0.8175757575757575
0.7755581668625147
0.8693379790940766
0.8348837209302327
0.7803030303030303
0.8069767441860465
0.7527272727272727
0.7543554006968641
0.7183507549361208
0.7979094076655052
0.8233918128654971
0.8223289315726289
0.7346109175377469
0.7624854819976771
0.8995271867612293
0.8465116279069769
0.8481392557022809
0.745644599303136
0.6922183507549362
0.8106060606060606
0.818815331010453
0.8707403055229141
0.8055222088835533
0.7611044417767107
0.7110465116279071
0.8255952380952382
0.7760233918128655
0.7412790697674418
0.7771867612293144
0.8461538461538461
0.8523809523809524
0.7502903600464575
0.7697674418604652
0.6888888888888889
0.8398345153664303
0.7599067599067599
0.8690058479532163
0.7881152460984394
0.7726744186046512
0.8286052009456265
0.7696827262044653
0.7462253193960511
0.7680232558139535
0.6990553306342779
0.7877192982456139
0.7479674796747968
0.6777003484320557
0.7590011614401859
0.782051282051282
0.7678362573099414
0.8327485380116959
0.7887154861944778
0.843937575030012
0.6719298245614035
0.7625730994152049
0.7711962833914053
0.8037166085946574
0.8575581395348837
0.7848484848484849
0.7558275058275057
0.7594562647754136
0.8072727272727273
0.6742424242424242
0.7839721254355401
0.7683215130023641
0.8292682926829268
0.763219741480611
0.7607433217189314
0.6957575757575758
0.7607142857142857
0.7476744186046511
0.9204413472706156
0.7988304093567251
0.7674418604651163
0.7665505226480837
0.7665066026410564
0.8093023255813955
0.7813238770685579
0.7930232558139536
0.7166866746698679
0.8209302325581395
0.8292682926829269
0.8026004728132387
0.919298245614035
0.8942420681551116
0.8146853146853146
0.7797118847539015
0.7456445993031359
0.7479674796747968
0.829024676850764
0.7226792009400707
0.7730994152046784
0.77061556329849
0.75
0.7914218566392479
0.8383720930232558
0.8286875725900118
0.717948717948718
0.7779069767441861
0.7931442080378251
0.7144535840188013
0.8017441860465117
0.778164924506388
0.8025851938895417
0.7813238770685578
0.7822299651567945
0.6866279069767441
0.8735431235431236
0.68424317617866
0.7809123649459784
0.6900584795321637
0.8824561403508772
0.8272620446533491
0.7293144208037825
0.7011904761904763
0.8263646922183508
0.794767441860465
0.7654761904761905
0.7637426900584795
0.8569767441860465
0.8540697674418604
0.7376950780312125
0.7802325581395348
0.8125734430082255
0.7476744186046512
0.7967479674796748
0.8275058275058275
0.864692218350755
0.7131242740998839
0.7151300236406619
0.8578088578088577
0.6505813953488373
0.7317073170731707
0.7760233918128655
0.6043123543123543
0.6690058479532164
0.7502923976608186
0.7649122807017543
0.8052325581395348
0.7839721254355401
0.7743830787309048
0.777972027972028
0.7578397212543554
0.8391405342624855
0.8123543123543123
0.8119858989424207
0.7796709753231492
0.791860465116279
0.8135888501742161
0.8094362745098038
0.7630952380952382
0.8122605363984674
0.8292682926829268
0.791860465116279
0.7930232558139535
0.8011904761904762
0.8250591016548464
0.7830409356725146
0.7127906976744186
0.7230392156862746
0.6904761904761904
0.7191142191142191
0.7972813238770686
0.7348837209302326
0.7172869147659063
0.7720930232558139
0.6986062717770035
0.8398345153664303
0.7790697674418605
0.7836879432624114
0.8069767441860466
0.8273809523809523
0.8520467836257309
0.6901162790697675
0.7686104218362282
0.7989510489510488
0.8
0.9372093023255816
0.7062937062937062
0.8520467836257309
0.7409356725146199
0.774822695035461
0.7755813953488372
0.8209302325581397
0.7087719298245614
0.7458333333333332
0.782021151586369
0.8438228438228438
0.780232558139535
0.7936046511627906
0.8717948717948718
0.7447552447552447
0.7797118847539015
0.8339140534262486
0.8066202090592334
0.781547619047619
0.8362884160756501
0.7044653349001174
0.8812865497076022
0.772674418604651
0.8301886792452831
0.7547281323877069
0.8133333333333332
0.634032634032634
0.6725768321513002
0.8036130536130536
0.8575581395348838
0.7896592244418331
0.7042424242424242
0.7148664343786295
0.8584558823529412
0.6756756756756757
0.6749408983451536
0.7482269503546098
0.7807017543859649
0.7787456445993032
0.8350877192982454
0.773207990599295
0.8366279069767442
0.7794117647058822
0.7803121248499401
0.9184397163120567
0.8143360752056404
0.8470930232558139
0.7523640661938533
0.8484320557491289
0.7880371660859466
0.847902097902098
0.8125734430082258
0.730813953488372
0.7641843971631206
0.7546511627906977
0.8601440576230492
0.8296511627906977
0.688534278959811
0.7895981087470451
0.748499399759904
0.7821428571428571
0.7993939393939392
0.7438307873090483
0.7579318448883666
0.7178871548619449
0.7671568627450981
0.8379790940766552
0.7444183313748531
0.818815331010453
0.8432400932400933
0.8149236192714454
0.9070847851335656
0.7440476190476191
0.7228070175438596
0.8505813953488371
0.8548199767711963
0.8162790697674418
0.7157894736842105
0.7932636469221834
0.811046511627907
0.8149236192714453
0.712280701754386
0.7154761904761905
0.7797202797202797
0.7332549941245594
0.8046783625730994
0.6672514619883041
0.7146198830409357
0.7937062937062935
0.8125734430082256
0.8132387706855793
0.8284371327849589
0.7941520467836257
0.7808857808857809
0.8313953488372092
0.8450292397660819
0.807923169267707
0.7584204413472706
0.7802325581395348
0.7625
0.8906619385342789
0.7450292397660819
0.7831962397179789
0.6836734693877551
0.7502903600464575
0.7861339600470035
0.8736780258519391
0.8965116279069767
0.8315911730545876
0.7821428571428571
0.8796511627906979
0.7969348659003832
0.778164924506388
0.7695078031212484
0.7822299651567944
0.8240093240093239
0.8623693379790941
0.8652482269503547
0.7279670975323149
0.8546511627906975
0.7755581668625147
0.7837995337995338
0.8154761904761905
0.7524813895781638
0.7859649122807018
0.8304093567251462
0.8508771929824561
0.7990708478513355
0.8997445721583652
0.7420681551116334
0.758274231678487
0.6792009400705054
0.8319767441860465
0.7590011614401859
0.7700348432055749
0.7732079905992949
0.719186046511628
0.7578397212543553
0.7754385964912281
0.835075493612079
0.7517482517482517
0.7479674796747968
0.813953488372093
0.727906976744186
0.6976744186046512
0.7849588719153936
0.8614035087719297
0.7313953488372092
0.7348837209302325
0.7767441860465117
0.7453488372093023
0.7255244755244754
0.8061104582843714
0.7585193889541715
0.7749099639855942
0.7622377622377623
0.8757259001161439
0.7680232558139535
0.7491186839012925
0.8263403263403264
0.8250000000000001
0.7950058072009293
0.7692307692307693
0.8052325581395349
0.8418604651162791
0.7418414918414918
0.8122093023255814
0.7309941520467836
0.7894736842105262
0.7943262411347518
0.747674418604651
0.7412121212121212
0.7814685314685315
0.7186046511627908
0.8204678362573099
0.8024475524475525
0.6639247943595769
0.873090481786134
0.791812865497076
0.8325330132052822
0.7773584905660378
0.8217189314750293
0.802555168408827
0.9239766081871345
0.8321678321678321
0.822093023255814
0.7746806039488966
0.7198581560283688
0.86427732079906
0.7988372093023255
0.8604218362282878
0.8008578431372548
0.8278186274509804
0.7328687572590012
0.8025551684088269
0.8895348837209301
0.7679200940070505
0.7209302325581395
0.8257839721254355
0.8723776223776223
0.7833914053426247
0.7139534883720929
0.7573443008225618
0.7764227642276422
0.7886792452830188
0.7686480186480185
0.7339285714285715
0.7797202797202798
0.6742160278745646
0.7744047619047619
0.7313953488372094
0.763953488372093
0.786046511627907
0.8296511627906977
0.7202797202797202
0.6927144535840188
0.8812865497076022
0.7229965156794426
0.8156976744186046
0.763986013986014
0.9393939393939393
0.8946428571428572
0.8072009291521487
0.7935672514619884
0.8510638297872339
0.8278495887191539
0.8127906976744185
0.8272620446533491
0.8605200945626478
0.7558139534883721
0.7537746806039489
0.8217189314750291
0.7909407665505227
0.8674418604651163
0.7581395348837209
0.8531468531468531
0.712280701754386
0.8589894242068153
0.6520979020979021
0.7601190476190477
0.7494089834515367
0.7167832167832168
0.7848837209302325
0.7541666666666667
0.7783625730994151
0.7585193889541716
0.8362470862470862
0.7602820211515865
0.7212543554006969
0.7671394799054374
0.8651162790697675
0.7902467685076381
0.7175438596491229
0.8291962174940899
0.8164335664335665
0.6473684210526316
0.8601398601398602
0.7738927738927738
0.7092198581560284
0.7377906976744186
0.8883040935672516
0.8273809523809523
0.809635722679201
0.7249417249417249
0.7972813238770685
0.7373678025851939
0.7954545454545454
0.8002322880371661
0.6608187134502923
0.7972027972027972
0.6827262044653349
0.6418181818181818
0.8403508771929824
0.8383720930232559
0.6831395348837209
0.8373983739837398
0.7610722610722611
0.8011627906976744
0.6964285714285714
0.7590011614401857
0.8075581395348838
0.6947674418604651
0.8071095571095572
0.8424242424242423
0.8537296037296036
0.8660399529964747
0.9228070175438596
0.7124999999999999
0.7808857808857809
0.8631022326674501
0.8216783216783217
0.8222996515679444
0.8096926713947991
0.6876456876456877
0.7848837209302326
0.7947674418604652
0.8495934959349594
0.6300813008130081
0.8274231678486997
0.7701754385964912
0.616144018583043
0.7635054021608645
0.7836879432624113
0.8637426900584796
0.8575581395348837
0.8133720930232557
0.7491289198606272
0.8449883449883451
0.7154471544715447
0.7346109175377468
0.7744755244755244
0.75
0.8072009291521487
0.8484320557491289
0.8391608391608392
0.7121212121212122
0.8257839721254355
0.7955346650998825
0.7202797202797202
0.8070175438596491
0.8031446540880504
0.7319767441860465
0.6847953216374267
0.7309048178613395
0.7527010804321729
0.7045454545454546
0.8327380952380952
0.7444444444444445
0.8552009456264776
0.809692671394799
0.6895348837209302
0.7755813953488372
0.7661574618096357
0.7724586288416077
0.8833333333333333
0.8202115158636899
0.8380952380952381
0.7923976608187134
0.6649122807017545
0.7796511627906977
0.8331374853113984
0.788617886178862
0.7534965034965037
0.7064327485380116
0.7926829268292683
0.7784958871915394
0.8075581395348838
0.8321513002364066
0.7189314750290361
0.7868757259001161
0.6660714285714286
0.7633720930232557
0.9047619047619047
0.8438596491228069
0.7777777777777778
0.7590011614401858
0.7535460992907802
0.7706855791962175
0.8873403019744484
0.7558275058275058
0.7703962703962703
0.817016317016317
0.7508710801393729
0.8071095571095571
0.8457446808510637
0.8784883720930232
0.8186046511627907
0.8210955710955711
0.7561692126909518
0.8537015276145712
0.780232558139535
0.7523255813953489
0.8122093023255813
0.7017543859649122
0.7383720930232558
0.819327731092437
0.8155111633372505
0.7815476190476192
0.838953488372093
0.7200929152148665
0.8308139534883721
0.7619883040935674
0.7397179788484136
0.7288037166085946
0.7578947368421052
0.7033096926713948
0.8419506462984724
0.6936046511627906
0.7718676122931443
0.8190476190476191
0.7744755244755244
0.7572590011614402
0.8205574912891986
0.8241421568627451
0.7868757259001161
0.836046511627907
0.7226107226107227
0.6888888888888889
0.7102206736353078
0.7319347319347319
0.8066202090592336
0.8263157894736842
0.8181286549707603
0.7318007662835248
0.8529761904761904
0.8286052009456265
0.7651515151515151
0.7563953488372093
0.8193960511033682
0.79732868757259
0.7746806039488966
0.8569767441860465
0.7005108556832695
0.8466898954703834
0.791860465116279
0.8327485380116958
0.8034883720930233
0.7514518002322881
0.8093567251461988
0.7097532314923619
0.7853801169590643
0.7784883720930232
0.8158508158508159
0.7764227642276423
0.8666666666666666
0.71968787515006
0.7825581395348836
0.7537746806039488
0.7654970760233919
0.8444444444444446
0.8787878787878787
0.7427409988385599
0.6439482961222092
0.7121588089330025
0.7144522144522144
0.7800245098039216
0.6783216783216783
0.7560975609756099
0.8081395348837208
0.6631823461091754
0.691812865497076
0.7543554006968641
0.8093023255813954
0.7636469221835077
0.7702702702702703
0.7767441860465116
0.8716608594657375
0.7988304093567252
0.7984901277584205
0.866060606060606
0.752906976744186
0.8116279069767441
0.8727272727272727
0.8289308176100629
0.7692307692307693
0.7372093023255814
0.7453379953379954
0.7274909963985594
0.8223289315726291
0.7092198581560283
0.7171893147502904
0.7455934195064631
0.8383720930232559
0.8697478991596639
0.8117715617715617
0.8251461988304094
0.7624854819976771
0.7314923619271445
0.8272727272727273
0.7673325499412456
0.7328431372549019
0.6928904428904429
0.6812354312354313
0.7760047281323879
0.7919621749408984
0.7972972972972971
0.6403186274509804
