0.7186046511627907
0.7806547619047619
0.7226190476190476
0.7207602339181287
0.7254962779156328
0.7208333333333333
0.7377976190476191
0.7770348837209302
0.7686046511627908
0.630701754385965
0.7924242424242424
0.6817653890824622
0.6654411764705882
0.7040697674418605
0.7087719298245614
0.696864111498258
0.7677304964539008
0.715034965034965
0.7447674418604652
0.8225616921269094
0.7581032412965186
0.6665697674418605
0.7223837209302325
0.7276162790697674
0.8180232558139534
0.6961988304093568
0.7641843971631207
0.7157375145180024
0.823939393939394
0.5668604651162791
0.7017441860465117
0.7376615746180963
0.6836363636363636
0.7412280701754386
0.8019976498237368
0.7444444444444445
0.7276674937965262
0.8152680652680653
0.7015098722415796
0.8340116279069768
0.6464019851116626
0.7453542392566782
0.7671394799054373
0.796037296037296
0.8366279069767443
0.7932748538011695
0.7584204413472706
0.7426556991774383
0.7993612078977933
0.7741279069767443
0.6083916083916086
0.8488372093023255
0.7241579558652728
0.7622093023255814
0.7220930232558139
0.7825059101654847
0.7209165687426558
0.6073099415204678
0.7357142857142858
0.7273795534665101
0.8701754385964913
0.7360627177700348
0.8063953488372093
0.7544065804935369
0.7690058479532164
0.7397179788484137
0.7935672514619884
0.7189314750290361
0.7562056737588654
0.7406759906759907
0.7505813953488373
0.8142441860465116
0.8631452581032413
0.8798472385428906
0.6424418604651163
0.8331374853113983
0.7744047619047619
0.6365497076023392
0.7602820211515863
0.696969696969697
0.6655052264808362
0.7
0.7584795321637426
0.6776785714285715
0.7448484848484849
0.7752100840336134
0.7369337979094077
0.7659698025551684
0.7104018912529552
0.6748251748251748
0.7575581395348837
0.7941520467836257
0.7139855942376951
0.6684088269454123
0.703962703962704
0.6324441687344913
0.7853801169590644
0.7566860465116279
0.7365967365967366
0.7337398373983741
0.7243589743589743
0.7543859649122806
0.7357142857142857
0.8085106382978723
0.7226744186046512
0.7910714285714285
0.8687943262411348
0.7291421856639247
0.6930082256169213
0.8619883040935672
0.7500000000000001
0.7482269503546101
0.8468023255813955
0.7392566782810684
0.7984901277584204
0.7624854819976772
0.791371158392435
0.7758420441347272
0.6421911421911423
0.7284883720930233
0.7127906976744186
0.8491279069767442
0.7415501165501165
0.7768065268065267
0.7488179669030732
0.6959459459459458
0.7685560053981106
0.7026785714285715
0.7615248226950355
0.7424242424242424
0.9005847953216375
0.7139880952380953
0.8073099415204678
0.8
0.7862950058072009
0.8122093023255814
0.739090909090909
0.6459302325581395
0.7743830787309048
0.6903508771929824
0.8548387096774194
0.6953216374269006
0.7712765957446809
0.763807285546416
0.8225900116144019
0.7205357142857143
0.7107142857142857
0.7854651162790697
0.7592261904761904
0.6595238095238095
0.8245614035087719
0.7659698025551684
0.691812865497076
0.8337250293772033
0.6534883720930232
0.6432748538011694
0.7925969447708578
0.7721445221445221
0.7674216027874564
0.7851335656213706
0.7096399535423926
0.7622549019607843
0.8016206482593037
0.7068155111633373
0.686411149825784
0.7222222222222222
0.7827130852340938
0.743321718931475
0.8137426900584794
0.7801169590643274
0.7218023255813953
0.8184523809523809
0.7109929078014184
0.6404230317273795
0.7547619047619047
0.7005952380952382
0.7812865497076024
0.7749999999999999
0.6912790697674419
0.7764227642276423
0.6603030303030303
0.7186761229314421
0.7293844367015099
0.7194055944055944
0.7970930232558141
0.6875750300120048
0.8343023255813953
0.7344300822561692
0.7950058072009292
0.7263157894736841
0.7432748538011695
0.7663170163170163
0.7930232558139535
0.878048780487805
0.6927144535840188
0.8059440559440559
0.7787896592244418
0.7593567251461988
0.7112282878411911
0.7206736353077816
0.748546511627907
0.7755952380952381
0.7686046511627908
0.6628250591016548
0.7926829268292682
0.6678787878787878
0.7222222222222222
0.7737094837935174
0.7209302325581396
0.783625730994152
0.756678281068525
0.6593939393939394
0.7412891986062718
0.6520979020979022
0.752046783625731
0.7679200940070505
0.793123543123543
0.7411347517730497
0.8138297872340425
0.716060606060606
0.7473684210526316
0.705574912891986
0.7944767441860465
0.701048951048951
0.7755952380952381
0.8645348837209302
0.8803716608594657
0.7267857142857144
0.7531939605110337
0.8190058479532164
0.6975524475524476
0.8147502903600465
0.7007575757575757
0.8187274909963984
0.6951219512195121
0.8128654970760233
0.7041962174940899
0.7733451536643027
0.7266081871345029
0.758720930232558
0.7476359338061467
0.8148809523809524
0.7685830429732868
0.7645687645687645
0.6917249417249416
0.7444168734491317
0.813588850174216
0.813588850174216
0.7229965156794425
0.788690476190476
0.7137426900584795
0.7712121212121212
0.6853801169590643
0.7292397660818714
0.675595238095238
0.7518610421836228
0.7772938443670152
0.7564102564102563
0.7839285714285715
0.7475990396158464
0.7539015606242496
0.6619047619047619
0.649702380952381
0.7000000000000001
0.6814750290360047
0.7269503546099292
0.7885964912280702
0.7313953488372094
0.768607442977191
0.8048780487804877
0.7021151586368978
0.6970238095238096
0.7572590011614401
0.7332549941245595
0.8412004662004662
0.7
0.7012338425381904
0.6875
0.7356051703877791
0.724941724941725
0.8347902097902098
0.7845138055222088
0.8
0.7016317016317015
0.7362573099415205
0.7328088578088578
0.7446808510638299
0.6684397163120567
0.7842105263157895
0.683139534883721
0.7243589743589743
0.7497096399535425
0.7511627906976743
0.7793263646922184
0.8141252955082743
0.7554021608643458
0.8029239766081872
0.7671394799054374
0.8037602820211517
0.6695702671312428
0.6790780141843972
0.730909090909091
0.718566392479436
0.7508710801393728
0.7108013937282229
0.6610520094562649
0.7502913752913754
0.6794425087108016
0.7197414806110458
0.7059523809523809
0.8251461988304094
0.7724358974358974
0.6333333333333333
0.6750881316098707
0.8090481786133958
0.799169859514687
0.6445358401880141
0.7351916376306621
0.737094837935174
0.7357142857142858
0.6062717770034843
0.7260606060606061
0.6241279069767441
0.7803571428571429
0.734593023255814
0.8309523809523809
0.7284883720930232
0.7238895558223288
0.7447735191637631
0.7867132867132867
0.7849650349650351
0.8159117305458768
0.808187134502924
0.8199767711962834
0.7366279069767442
0.7412587412587412
0.7587412587412588
0.6049054373522458
0.7017543859649124
0.6998834498834499
0.804970760233918
0.7575757575757576
0.6761627906976744
0.6290792540792541
0.7488344988344988
0.668452380952381
0.8187878787878787
0.645123384253819
0.7531939605110336
0.7037790697674419
0.7045454545454546
0.7680232558139536
0.793939393939394
0.6718931475029036
0.7020905923344948
0.6707317073170732
0.8070175438596491
0.7656062424969987
0.6768292682926829
0.6686991869918699
0.8640661938534279
0.8447674418604652
0.7995198079231693
0.7508710801393729
0.7125435540069687
0.8041958041958042
0.7462253193960512
0.7902467685076381
0.7043817527010804
0.6650660264105642
0.6877906976744186
0.7991071428571429
0.8523391812865496
0.7354651162790699
0.7204491725768322
0.8024475524475525
0.7627976190476191
0.624274099883856
0.7781976744186048
0.6795321637426901
0.7319739952718677
0.7610722610722611
0.8637426900584795
0.8034213685474189
0.7578488372093023
0.7860520094562649
0.7044653349001175
0.7288037166085947
0.7968023255813954
0.7702429149797572
0.7350877192982457
0.6573751451800232
0.5993031358885018
0.7163182346109177
0.7715617715617716
0.7783625730994151
0.756140350877193
0.7533013205282112
0.8622448979591836
0.652046783625731
0.6812865497076024
0.7711962833914053
0.7398373983739838
0.779360465116279
0.7375757575757576
0.7418414918414918
0.7083333333333334
0.7354545454545454
0.6993006993006995
0.7874564459930313
0.6749408983451536
0.8612078977932637
0.6724441833137486
0.7392566782810684
0.7115151515151514
0.6895833333333333
0.7273255813953489
0.7831010452961673
0.6839181286549708
0.7593023255813954
0.737514518002323
0.744297719087635
0.6715116279069768
0.7461583924349882
0.7037790697674419
0.5894357743097239
0.711046511627907
0.8318815331010453
0.6950354609929079
0.7666666666666666
0.7723266745005876
0.7540792540792541
0.7496998799519807
0.7038327526132404
0.8193960511033682
0.8158049353701526
0.6880141010575793
0.7295321637426901
0.7799070847851335
0.7383578431372548
0.7029964747356051
0.7918604651162792
0.7560975609756098
0.6439393939393939
0.6869186046511627
0.6867612293144209
0.6865452408930669
0.7572674418604651
0.6608594657375145
0.6871327849588719
0.7393617021276596
0.6684088269454124
0.709593023255814
0.8094405594405595
0.6898263027295285
0.696578631452581
0.697076023391813
0.7605263157894737
0.6836075205640424
0.739066193853428
0.6113095238095239
0.7270615563298489
0.7162790697674418
0.7845238095238095
0.7263157894736842
0.8601744186046512
0.8575581395348838
0.7064825930372148
0.7113372093023256
0.6938895417156287
0.7011627906976745
0.6655052264808363
0.7998251748251748
0.7770034843205575
0.7688734030197445
0.7807328605200945
0.8103146853146853
0.8145348837209303
0.7090592334494773
0.7248538011695906
0.6206293706293706
0.6959064327485379
0.8391812865497077
0.7853801169590643
0.7744186046511627
0.6852497096399535
0.7074030552291423
0.8595571095571095
0.7427409988385598
0.7398373983739838
0.6899766899766899
0.7215041128084607
0.8137485311398355
0.6744186046511628
0.7941347270615563
0.6623774509803921
0.7098214285714286
0.71455938697318
0.7154471544715446
0.7354651162790699
0.7412790697674418
0.700595238095238
0.6755319148936171
0.7918128654970761
0.6976744186046511
0.6841299019607843
0.6085946573751453
0.7217365967365967
0.7618203309692673
0.6604651162790697
0.7157863145258102
0.6880813953488373
0.6608594657375145
0.7789598108747046
0.688953488372093
0.7420212765957447
0.7133720930232558
0.7660714285714285
0.7830409356725145
0.6854651162790698
0.793424317617866
0.6893939393939394
0.8309941520467837
0.8145348837209302
0.7196969696969697
0.7444444444444445
0.7140350877192984
0.7594562647754137
0.7694767441860465
0.7819767441860465
0.7257309941520468
0.6675595238095239
0.782021151586369
0.8117715617715617
0.8744186046511628
0.794767441860465
0.7651515151515151
0.7584498834498833
0.8769507803121248
0.7799070847851336
0.8263646922183508
0.7940476190476191
0.8392434988179668
0.7314923619271445
0.7988304093567252
0.7069767441860465
0.8386792452830188
0.7092198581560284
0.7203030303030303
0.6532634032634032
0.6725768321513003
0.807109557109557
0.6476744186046511
0.7408930669800237
0.733030303030303
0.7015098722415796
0.7913602941176472
0.7041715628672152
0.6985815602836879
0.7671394799054374
0.7286549707602339
0.664924506387921
0.6888888888888888
0.765569917743831
0.838953488372093
0.7803308823529412
0.755702280912365
0.7044917257683214
0.7262044653349001
0.7444767441860465
0.6170212765957448
0.7334494773519163
0.7630662020905923
0.7068764568764568
0.760575793184489
0.670639534883721
0.7615248226950355
0.7412790697674418
0.7929171668667466
0.7813953488372093
0.6377068557919621
0.784869976359338
0.6968787515006002
0.7324404761904761
0.7084848484848484
0.6609870740305523
0.7288484136310223
0.7214885954381752
0.7086397058823528
0.713124274099884
0.6674500587544065
0.7787456445993031
0.7657342657342657
0.7685076380728555
0.8774680603948897
0.6607142857142858
0.7269005847953217
0.8148255813953489
0.7468060394889663
0.7595930232558139
0.6976608187134502
0.7508710801393729
0.6880813953488372
0.7902467685076381
0.697953216374269
0.6755952380952381
0.8053613053613053
0.704171562867215
0.7309941520467836
0.7318713450292398
0.7637426900584795
0.8403263403263403
0.8072855464159813
0.7937352245862883
0.726792009400705
0.7573099415204678
0.7674825174825176
0.7578488372093023
0.7333333333333334
0.751500600240096
0.6573751451800232
0.7656976744186047
0.7517857142857143
0.7990543735224587
0.7070175438596491
0.717391304347826
0.7250900360144058
0.7343205574912892
0.7673325499412457
0.8210928319623971
0.8052325581395348
0.7343205574912893
0.749404761904762
0.8093023255813954
0.7362707535121328
0.7055749128919862
0.7334933973589436
0.6771196283391405
0.8362470862470863
0.7836817653890825
0.7044917257683215
0.7100470035252645
0.7831395348837209
0.7291421856639249
0.8359557109557109
0.7541666666666668
0.7884615384615384
0.6730994152046784
0.8172514619883041
0.7573099415204678
0.7171893147502904
0.8320561941251595
0.7450058754406582
0.6456855791962175
0.7837837837837838
0.7203488372093023
0.6791521486643437
0.7874564459930313
0.7408930669800236
0.6738372093023257
0.7746806039488967
0.7938596491228069
0.8443670150987224
0.6625874125874126
0.6974448315911731
0.7630813953488371
0.7790697674418604
0.5875
0.7670387779083432
0.684795321637427
0.7308139534883721
0.6924418604651162
0.5953488372093023
0.7784883720930234
0.7808857808857809
0.8075793184488836
0.7497062279670974
0.7707082833133253
0.7127039627039627
0.8252032520325204
0.7636627906976744
0.6433607520564042
0.7485431235431235
0.7843023255813952
0.7427409988385599
0.7494172494172494
0.7191860465116279
0.6982558139534885
0.7776806526806526
0.805232558139535
0.6497076023391813
0.7605263157894736
0.7219267139479907
0.7174418604651164
0.7557575757575757
0.6902680652680653
0.6273255813953488
0.8046783625730994
0.7415501165501166
0.7485311398354877
0.8149236192714453
0.8473684210526317
0.8235294117647058
0.7081761006289308
0.7656794425087108
0.7311265969802554
0.8345029239766082
0.7045454545454546
0.7674418604651163
0.8342044134727061
0.7269503546099291
0.7450058754406581
0.6895348837209303
0.8343672456575681
0.7340686274509803
0.8339460784313726
0.6155632984901277
0.7642276422764227
0.7875
0.773207990599295
0.7488372093023256
0.754355400696864
0.7791375291375291
0.7543554006968641
0.7372093023255815
0.8090481786133961
0.7099303135888502
0.6823899371069183
0.7453379953379953
0.7053571428571429
0.7601981351981351
0.6678281068524972
0.7238095238095238
0.7
0.6293604651162791
0.741860465116279
0.8098837209302326
0.6305361305361306
0.7062279670975322
0.7701754385964913
0.7346109175377469
0.7534883720930232
0.846153846153846
0.7843822843822844
0.8547619047619047
0.662020905923345
0.7368421052631579
0.7910756501182034
0.7855464159811987
0.8348837209302324
0.7467685076380728
0.7901891252955083
0.6883720930232557
0.8095238095238095
0.8153310104529617
0.7229965156794425
0.7569767441860465
0.6813953488372092
0.8403263403263402
0.7461988304093568
0.7262044653349
0.5868298368298368
0.6577380952380952
0.7517730496453902
0.7313519813519813
0.6877906976744187
0.7404761904761905
0.7660818713450294
0.746768507638073
0.82488344988345
0.6768507638072855
0.7514518002322881
0.6864657210401892
0.7610465116279069
0.6480611045828437
0.6988304093567251
0.8303782505910166
0.7645687645687645
0.7289473684210526
0.7514568764568763
0.7482517482517482
0.7041962174940898
0.678779069767442
0.8116959064327485
0.8449404761904763
0.7920094007050529
0.8123543123543123
0.6752364066193853
0.6680376028202115
0.7135780885780887
0.728513356562137
0.7543859649122807
0.7290209790209791
0.6366039952996475
0.573030303030303
0.6567251461988305
0.747093023255814
0.719767441860465
0.7322880371660859
0.7896270396270396
0.7877906976744187
0.6451719576719577
0.7804878048780488
0.8302325581395348
0.7517441860465117
0.7747668997668998
0.7715151515151515
0.7663170163170163
0.7902467685076381
0.7947368421052632
0.763095238095238
0.8310023310023309
0.7285546415981199
0.8356643356643356
0.778164924506388
0.7219267139479906
0.6958041958041957
0.7659883720930233
0.7540697674418604
0.7648083623693379
0.624274099883856
0.8664302600472813
0.719298245614035
0.5656213704994193
0.7202881152460984
0.7174940898345153
0.6538011695906434
0.7601744186046512
0.8127906976744186
0.6957026713124275
0.7628205128205128
0.6489547038327527
0.7880371660859466
0.7115384615384615
0.6590909090909091
0.6120789779326365
0.7288037166085947
0.7934149184149184
0.677156177156177
0.7642276422764227
0.8290246768507638
0.666083916083916
0.7108187134502923
0.7962264150943397
0.7715116279069768
0.7660818713450291
0.7967097532314924
0.7623049219687874
0.727855477855478
0.6952380952380952
0.7558479532163742
0.8528368794326242
0.7635933806146572
0.7098837209302327
0.6680232558139536
0.7620446533490013
0.793144208037825
0.7047619047619048
0.717978848413631
0.7499999999999999
0.7441520467836257
0.6470760233918128
0.7491279069767443
0.719153936545241
0.7938443670150988
0.6678321678321678
0.7064327485380116
0.7340301974448317
0.7097532314923619
0.7302325581395349
0.6938534278959811
0.6872822299651568
0.71602787456446
0.7130952380952381
0.6848837209302324
0.7688734030197445
0.7830409356725145
0.7133569739952718
0.7752613240418118
0.715130023640662
0.7588652482269503
0.6329849012775842
0.7977855477855478
0.7534965034965035
0.7269813519813519
0.6727642276422765
0.7823426573426573
0.7160165484633568
0.7938953488372094
0.8377906976744187
0.7599067599067598
0.7420681551116334
0.849294947121034
0.7316860465116277
0.6622093023255814
0.8197674418604651
0.7
0.775
0.7959183673469388
0.7784958871915394
0.7663690476190476
0.7145348837209302
0.7717770034843207
0.7784883720930234
0.7634502923976608
0.764982373678026
0.6991869918699187
0.712280701754386
0.7056737588652482
0.717978848413631
0.6569767441860466
0.7748226950354611
0.7833333333333333
0.7441724941724941
0.7212543554006968
0.7183507549361208
0.6666666666666666
0.8266550522648083
0.8197674418604651
0.747086247086247
0.7219298245614034
0.6591173054587689
0.7569930069930069
0.7787456445993032
0.7292397660818715
0.7345029239766082
0.7583014048531289
0.8011904761904762
0.7739361702127658
0.8097319347319347
0.6927325581395348
0.6945412311265969
0.7450638792102207
0.6347270615563299
0.7087209302325581
0.7886334610472541
0.6986062717770035
0.7034883720930232
0.7888888888888889
0.6061046511627907
0.837979094076655
0.8333333333333333
0.6891891891891891
0.6929824561403509
0.6709302325581395
0.7692307692307692
0.6361788617886178
0.7924242424242425
0.7611044417767107
0.7511627906976744
0.7288037166085947
0.7111111111111111
0.8230994152046784
0.8436363636363636
0.7009291521486644
0.5869565217391305
0.686104218362283
0.7030885780885782
0.667279411764706
0.6043123543123543
0.7720673635307782
0.7084302325581395
0.6364692218350755
0.7128654970760234
0.6939605110336817
0.8180232558139535
0.7578397212543555
0.7676263219741482
0.7116279069767442
0.7868757259001161
0.7818713450292398
0.663472706155633
0.8387878787878789
0.6296511627906977
0.7127906976744186
0.7424242424242424
0.7823899371069182
0.7715617715617715
0.6843023255813954
0.6835664335664335
0.7815126050420167
0.76890756302521
0.7423167848699764
0.7177700348432056
0.7508813160987075
0.6793604651162791
0.8403361344537815
0.738927738927739
0.6748538011695906
0.7682926829268293
0.6844888366627497
0.7821212121212121
0.7605757931844888
0.7542892156862746
0.633158508158508
0.6730769230769231
0.7476359338061467
0.8717494089834514
0.6745005875440659
0.6657475490196079
